1 1
2 2
3 6
4 4
5 4
6 12
7 12
8 24
9 24
10 40
11 40
12 24
13 24
14 24
15 60
16 60
17 60
18 36
19 36
20 60
21 60
22 60
23 60
24 120
25 120
26 120
27 120
28 168
29 168
30 120
31 120
32 120
33 120
34 120
35 120
36 180
37 180
38 180
39 180
40 120
41 120
42 120
43 120
44 120
45 360
46 360
47 360
48 360
49 360
50 360
51 360
52 360
53 360
54 360
55 360
56 360
57 360
58 360
59 360
60 360
61 360
62 360
63 360
64 360
65 360
66 360
67 360
68 360
69 360
70 840
71 840
72 360
73 360
74 360
75 360
76 360
77 360
78 360
79 360
80 720
81 720
82 720
83 720
84 840
85 840
86 840
87 840
88 840
89 840
90 720
91 720
92 720
93 720
94 720
95 720
96 720
97 720
98 720
99 720
100 720
101 720
102 720
103 720
104 720
105 1260
106 1260
107 1260
108 1260
109 1260
110 1260
111 1260
112 1680
113 1680
114 1680
115 1680
116 1680
117 1680
118 1680
119 1680
120 1680
121 1680
122 1680
123 1680
124 1680
125 1680
126 2520
127 2520
128 2520
129 2520
130 2520
131 2520
132 2520
133 2520
134 2520
135 2520
136 2520
137 2520
138 2520
139 2520
140 2520
141 2520
142 2520
143 2520
144 2520
145 2520
146 2520
147 2520
148 2520
149 2520
150 2520
151 2520
152 2520
153 2520
154 2520
155 2520
156 2520
157 2520
158 2520
159 2520
160 2520
161 2520
162 2520
163 2520
164 2520
165 2520
166 2520
167 2520
168 2520
169 2520
170 2520
171 2520
172 2520
173 2520
174 2520
175 2520
176 2520
177 2520
178 2520
179 2520
180 2520
181 2520
182 2520
183 2520
184 2520
185 2520
186 2520
187 2520
188 2520
189 2520
190 2520
191 2520
192 2520
193 2520
194 2520
195 2520
196 2520
197 2520
198 2520
199 2520
200 2520
201 2520
202 2520
203 2520
204 2520
205 2520
206 2520
207 2520
208 2520
209 2520
210 2520
211 2520
212 2520
213 2520
214 2520
215 2520
216 2520
217 2520
218 2520
219 2520
220 2520
221 2520
222 2520
223 2520
224 2520
225 2520
226 2520
227 2520
228 2520
229 2520
230 2520
231 2520
232 2520
233 2520
234 2520
235 2520
236 2520
237 2520
238 2520
239 2520
240 5040
241 5040
242 5040
243 5040
244 5040
245 5040
246 5040
247 5040
248 5040
249 5040
250 5040
251 5040
252 5040
253 5040
254 5040
255 5040
256 5040
257 5040
258 5040
259 5040
260 5040
261 5040
262 5040
263 5040
264 5040
265 5040
266 5040
267 5040
268 5040
269 5040
270 5040
271 5040
272 5040
273 5040
274 5040
275 5040
276 5040
277 5040
278 5040
279 5040
280 5040
281 5040
282 5040
283 5040
284 5040
285 5040
286 5040
287 5040
288 5040
289 5040
290 5040
291 5040
292 5040
293 5040
294 5040
295 5040
296 5040
297 5040
298 5040
299 5040
300 5040
301 5040
302 5040
303 5040
304 5040
305 5040
306 5040
307 5040
308 5040
309 5040
310 5040
311 5040
312 5040
313 5040
314 5040
315 5040
316 5040
317 5040
318 5040
319 5040
320 5040
321 5040
322 5040
323 5040
324 5040
325 5040
326 5040
327 5040
328 5040
329 5040
330 5040
331 5040
332 5040
333 5040
334 5040
335 5040
336 5040
337 5040
338 5040
339 5040
340 5040
341 5040
342 5040
343 5040
344 5040
345 5040
346 5040
347 5040
348 5040
349 5040
350 5040
351 5040
352 5040
353 5040
354 5040
355 5040
356 5040
357 5040
358 5040
359 5040
360 5040
361 5040
362 5040
363 5040
364 5040
365 5040
366 5040
367 5040
368 5040
369 5040
370 5040
371 5040
372 5040
373 5040
374 5040
375 5040
376 5040
377 5040
378 5040
379 5040
380 5040
381 5040
382 5040
383 5040
384 5040
385 5040
386 5040
387 5040
388 5040
389 5040
390 5040
391 5040
392 5040
393 5040
394 5040
395 5040
396 5040
397 5040
398 5040
399 5040
400 5040
401 5040
402 5040
403 5040
404 5040
405 5040
406 5040
407 5040
408 5040
409 5040
410 5040
411 5040
412 5040
413 5040
414 5040
415 5040
416 5040
417 5040
418 5040
419 5040
420 5040
421 5040
422 5040
423 5040
424 5040
425 5040
426 5040
427 5040
428 5040
429 5040
430 5040
431 5040
432 5040
433 5040
434 5040
435 5040
436 5040
437 5040
438 5040
439 5040
440 5040
441 5040
442 5040
443 5040
444 5040
445 5040
446 5040
447 5040
448 5040
449 5040
450 5040
451 5040
452 5040
453 5040
454 5040
455 5040
456 5040
457 5040
458 5040
459 5040
460 5040
461 5040
462 5040
463 5040
464 5040
465 5040
466 5040
467 5040
468 5040
469 5040
470 5040
471 5040
472 5040
473 5040
474 5040
475 5040
476 5040
477 5040
478 5040
479 5040
480 10080
481 10080
482 10080
483 10080
484 10080
485 10080
486 10080
487 10080
488 10080
489 10080
490 10080
491 10080
492 10080
493 10080
494 10080
495 10080
496 10080
497 10080
498 10080
499 10080
500 10080
501 10080
502 10080
503 10080
504 10080
505 10080
506 10080
507 10080
508 10080
509 10080
510 10080
511 10080
512 10080
513 10080
514 10080
515 10080
516 10080
517 10080
518 10080
519 10080
520 10080
521 10080
522 10080
523 10080
524 10080
525 10080
526 10080
527 10080
528 10080
529 10080
530 10080
531 10080
532 10080
533 10080
534 10080
535 10080
536 10080
537 10080
538 10080
539 10080
540 15120
541 15120
542 15120
543 15120
544 15120
545 15120
546 15120
547 15120
548 15120
549 15120
550 15120
551 15120
552 15120
553 15120
554 15120
555 15120
556 15120
557 15120
558 15120
559 15120
560 15120
561 15120
562 15120
563 15120
564 15120
565 15120
566 15120
567 15120
568 15120
569 15120
570 15120
571 15120
572 15120
573 15120
574 15120
575 15120
576 15120
577 15120
578 15120
579 15120
580 15120
581 15120
582 15120
583 15120
584 15120
585 15120
586 15120
587 15120
588 15120
589 15120
590 15120
591 15120
592 15120
593 15120
594 15120
595 15120
596 15120
597 15120
598 15120
599 15120
600 15120
601 15120
602 15120
603 15120
604 15120
605 15120
606 15120
607 15120
608 15120
609 15120
610 15120
611 15120
612 15120
613 15120
614 15120
615 15120
616 15120
617 15120
618 15120
619 15120
620 15120
621 15120
622 15120
623 15120
624 15120
625 15120
626 15120
627 15120
628 15120
629 15120
630 15120
631 15120
632 15120
633 15120
634 15120
635 15120
636 15120
637 15120
638 15120
639 15120
640 15120
641 15120
642 15120
643 15120
644 15120
645 15120
646 15120
647 15120
648 15120
649 15120
650 15120
651 15120
652 15120
653 15120
654 15120
655 15120
656 15120
657 15120
658 15120
659 15120
660 27720
661 27720
662 27720
663 27720
664 27720
665 27720
666 27720
667 27720
668 27720
669 27720
670 27720
671 27720
672 10080
673 10080
674 10080
675 10080
676 10080
677 10080
678 10080
679 10080
680 10080
681 10080
682 10080
683 10080
684 10080
685 10080
686 10080
687 10080
688 10080
689 10080
690 10080
691 10080
692 10080
693 27720
694 27720
695 27720
696 27720
697 27720
698 27720
699 27720
700 27720
701 27720
702 27720
703 27720
704 27720
705 27720
706 27720
707 27720
708 27720
709 27720
710 27720
711 27720
712 27720
713 27720
714 27720
715 27720
716 27720
717 27720
718 27720
719 27720
720 10080
721 10080
722 10080
723 10080
724 10080
725 10080
726 10080
727 10080
728 10080
729 10080
730 10080
731 10080
732 10080
733 10080
734 10080
735 10080
736 10080
737 10080
738 10080
739 10080
740 10080
741 10080
742 10080
743 10080
744 10080
745 10080
746 10080
747 10080
748 10080
749 10080
750 10080
751 10080
752 10080
753 10080
754 10080
755 10080
756 15120
757 15120
758 15120
759 15120
760 15120
761 15120
762 15120
763 15120
764 15120
765 15120
766 15120
767 15120
768 15120
769 15120
770 27720
771 27720
772 27720
773 27720
774 27720
775 27720
776 27720
777 27720
778 27720
779 27720
780 27720
781 27720
782 27720
783 27720
784 27720
785 27720
786 27720
787 27720
788 27720
789 27720
790 27720
791 27720
792 27720
793 27720
794 27720
795 27720
796 27720
797 27720
798 27720
799 27720
800 27720
801 27720
802 27720
803 27720
804 27720
805 27720
806 27720
807 27720
808 27720
809 27720
810 27720
811 27720
812 27720
813 27720
814 27720
815 27720
816 27720
817 27720
818 27720
819 27720
820 27720
821 27720
822 27720
823 27720
824 27720
825 27720
826 27720
827 27720
828 27720
829 27720
830 27720
831 27720
832 27720
833 27720
834 27720
835 27720
836 27720
837 27720
838 27720
839 27720
840 27720
841 27720
842 27720
843 27720
844 27720
845 27720
846 27720
847 27720
848 27720
849 27720
850 27720
851 27720
852 27720
853 27720
854 27720
855 27720
856 27720
857 27720
858 27720
859 27720
860 27720
861 27720
862 27720
863 27720
864 27720
865 27720
866 27720
867 27720
868 27720
869 27720
870 27720
871 27720
872 27720
873 27720
874 27720
875 27720
876 27720
877 27720
878 27720
879 27720
880 55440
881 55440
882 55440
883 55440
884 55440
885 55440
886 55440
887 55440
888 55440
889 55440
890 55440
891 55440
8