1 1
2 2
3 6
4 4
5 4
6 12
7 12
8 24
9 24
10 40
11 40
12 24
13 24
14 24
15 60
16 60
17 60
18 36
19 36
20 60
21 60
22 60
23 60
24 120
25 120
26 120
27 120
28 168
29 168
30 120
31 120
32 120
33 120
34 120
35 120
36 180
37 180
38 180
39 180
40 120
41 120
42 120
43 120
44 120
45 360
46 360
47 360
48 360
49 360
50 360
51 360
52 360
53 360
54 360
55 360
56 360
57 360
58 360
59 360
60 360
61 360
62 360
63 360
64 360
65 360
66 360
67 360
68 360
69 360
70 840
71 840
72 360
73 360
74 360
75 360
76 360
77 360
78 360
79 360
80 720
81 720
82 720
83 720
84 840
85 840
86 840
87 840
88 840
89 840
90 720
91 720
92 720
93 720
94 720
95 720
96 720
97 720
98 720
99 720
100 720
