1 --> 1
2 --> 2
3 --> 2, 3, 6
4 --> 4
5 --> 4
6 --> 6, 12
7 --> 6, 12
8 --> 6, 8, 12, 24
9 --> 6, 8, 12, 18, 24
10 --> 6, 8, 10, 12, 18, 20, 24, 30, 40
11 --> 6, 8, 10, 12, 18, 20, 24, 30, 40
12 --> 12, 24
13 --> 12, 24
14 --> 12, 24
15 --> 12, 24, 30, 60
16 --> 12, 24, 30, 48, 60
17 --> 12, 24, 30, 48, 60
18 --> 36
19 --> 36
20 --> 60
21 --> 60
22 --> 60
23 --> 60
24 --> 24, 48, 60, 72, 120
25 --> 24, 48, 60, 72, 120
26 --> 24, 48, 60, 72, 120
27 --> 24, 48, 60, 72, 120
28 --> 24, 48, 60, 72, 84, 120, 168
29 --> 24, 48, 60, 72, 84, 120, 168
30 --> 60, 120
31 --> 60, 120
32 --> 60, 120
33 --> 60, 120
34 --> 60, 120
35 --> 60, 120
36 --> 60, 72, 120, 180
37 --> 60, 72, 120, 180
38 --> 60, 72, 120, 180
39 --> 60, 72, 120, 180
40 --> 120
41 --> 120
42 --> 120
43 --> 120
44 --> 120
45 --> 120, 180, 360
46 --> 120, 180, 360
47 --> 120, 180, 360
48 --> 120, 180, 240, 360
49 --> 120, 180, 240, 360
50 --> 120, 180, 240, 360
51 --> 120, 180, 240, 360
52 --> 120, 180, 240, 360
53 --> 120, 180, 240, 360
54 --> 120, 180, 240, 360
55 --> 120, 180, 240, 360
56 --> 120, 168, 180, 240, 336, 360
57 --> 120, 168, 180, 240, 336, 360
58 --> 120, 168, 180, 240, 336, 360
59 --> 120, 168, 180, 240, 336, 360
60 --> 120, 180, 240, 360
61 --> 120, 180, 240, 360
62 --> 120, 180, 240, 360
63 --> 120, 180, 240, 360
64 --> 120, 180, 240, 360
65 --> 120, 180, 240, 360
66 --> 120, 180, 240, 360
67 --> 120, 180, 240, 360
68 --> 120, 180, 240, 360
69 --> 120, 180, 240, 360
70 --> 120, 180, 240, 360, 420, 840
71 --> 120, 180, 240, 360, 420, 840
72 --> 360
73 --> 360
74 --> 360
75 --> 360
76 --> 360
77 --> 360
78 --> 360
79 --> 360
80 --> 240, 360, 720
81 --> 240, 360, 720
82 --> 240, 360, 720
83 --> 240, 360, 720
84 --> 240, 360, 420, 504, 720, 840
85 --> 240, 360, 420, 504, 720, 840
86 --> 240, 360, 420, 504, 720, 840
87 --> 240, 360, 420, 504, 720, 840
88 --> 240, 360, 420, 504, 720, 840
89 --> 240, 360, 420, 504, 720, 840
90 --> 360, 720
91 --> 360, 720
92 --> 360, 720
93 --> 360, 720
94 --> 360, 720
95 --> 360, 720
96 --> 360, 720
97 --> 360, 720
98 --> 360, 720
99 --> 360, 720
100 --> 360, 720
101 --> 360, 720
102 --> 360, 720
103 --> 360, 720
104 --> 360, 720
105 --> 360, 420, 720, 840, 1260
106 --> 360, 420, 720, 840, 1260
107 --> 360, 420, 720, 840, 1260
108 --> 360, 420, 720, 840, 1260
109 --> 360, 420, 720, 840, 1260
110 --> 360, 420, 720, 840, 1260
111 --> 360, 420, 720, 840, 1260
112 --> 360, 420, 720, 840, 1260, 1680
113 --> 360, 420, 720, 840, 1260, 1680
114 --> 360, 420, 720, 840, 1260, 1680
115 --> 360, 420, 720, 840, 1260, 1680
116 --> 360, 420, 720, 840, 1260, 1680
117 --> 360, 420, 720, 840, 1260, 1680
118 --> 360, 420, 720, 840, 1260, 1680
119 --> 360, 420, 720, 840, 1260, 1680
120 --> 360, 720, 840, 1680
121 --> 360, 720, 840, 1680
122 --> 360, 720, 840, 1680
123 --> 360, 720, 840, 1680
124 --> 360, 720, 840, 1680
125 --> 360, 720, 840, 1680
126 --> 360, 720, 840, 1260, 1680, 2520
127 --> 360, 720, 840, 1260, 1680, 2520
128 --> 360, 720, 840, 1260, 1680, 2520
129 --> 360, 720, 840, 1260, 1680, 2520
130 --> 360, 720, 840, 1260, 1680, 2520
131 --> 360, 720, 840, 1260, 1680, 2520
132 --> 360, 720, 840, 1260, 1680, 2520
133 --> 360, 720, 840, 1260, 1680, 2520
134 --> 360, 720, 840, 1260, 1680, 2520
135 --> 360, 720, 840, 1080, 1260, 1680, 2520
136 --> 360, 720, 840, 1080, 1260, 1680, 2520
137 --> 360, 720, 840, 1080, 1260, 1680, 2520
138 --> 360, 720, 840, 1080, 1260, 1680, 2520
139 --> 360, 720, 840, 1080, 1260, 1680, 2520
140 --> 840, 1260, 1680, 2520
141 --> 840, 1260, 1680, 2520
142 --> 840, 1260, 1680, 2520
143 --> 840, 1260, 1680, 2520
144 --> 720, 840, 1260, 1680, 2520
145 --> 720, 840, 1260, 1680, 2520
146 --> 720, 840, 1260, 1680, 2520
147 --> 720, 840, 1260, 1680, 2520
148 --> 720, 840, 1260, 1680, 2520
149 --> 720, 840, 1260, 1680, 2520
150 --> 720, 840, 1260, 1680, 2520
151 --> 720, 840, 1260, 1680, 2520
152 --> 720, 840, 1260, 1680, 2520
153 --> 720, 840, 1260, 1680, 2520
154 --> 720, 840, 1260, 1680, 2520
155 --> 720, 840, 1260, 1680, 2520
156 --> 720, 840, 1260, 1680, 2520
157 --> 720, 840, 1260, 1680, 2520
158 --> 720, 840, 1260, 1680, 2520
159 --> 720, 840, 1260, 1680, 2520
160 --> 720, 840, 1260, 1440, 1680, 2520
161 --> 720, 840, 1260, 1440, 1680, 2520
162 --> 720, 840, 1260, 1440, 1680, 2520
163 --> 720, 840, 1260, 1440, 1680, 2520
164 --> 720, 840, 1260, 1440, 1680, 2520
165 --> 720, 840, 1260, 1440, 1680, 2520
166 --> 720, 840, 1260, 1440, 1680, 2520
167 --> 720, 840, 1260, 1440, 1680, 2520
168 --> 840, 1680, 2520
169 --> 840, 1680, 2520
170 --> 840, 1680, 2520
171 --> 840, 1680, 2520
172 --> 840, 1680, 2520
173 --> 840, 1680, 2520
174 --> 840, 1680, 2520
175 --> 840, 1680, 2520
176 --> 840, 1680, 2520
177 --> 840, 1680, 2520
178 --> 840, 1680, 2520
179 --> 840, 1680, 2520
180 --> 2520
181 --> 2520
182 --> 2520
183 --> 2520
184 --> 2520
185 --> 2520
186 --> 2520
187 --> 2520
188 --> 2520
189 --> 2520
190 --> 2520
191 --> 2520
192 --> 2520
193 --> 2520
194 --> 2520
195 --> 2520
196 --> 2520
197 --> 2520
198 --> 2520
199 --> 2520
200 --> 2520
201 --> 2520
202 --> 2520
203 --> 2520
204 --> 2520
205 --> 2520
206 --> 2520
207 --> 2520
208 --> 2520
209 --> 2520
210 --> 2520
211 --> 2520
212 --> 2520
213 --> 2520
214 --> 2520
215 --> 2520
216 --> 2520
217 --> 2520
218 --> 2520
219 --> 2520
220 --> 2520
221 --> 2520
222 --> 2520
223 --> 2520
224 --> 2520
225 --> 2520
226 --> 2520
227 --> 2520
228 --> 2520
229 --> 2520
230 --> 2520
231 --> 2520
232 --> 2520
233 --> 2520
234 --> 2520
235 --> 2520
236 --> 2520
237 --> 2520
238 --> 2520
239 --> 2520
240 --> 1680, 2520, 3360, 5040
241 --> 1680, 2520, 3360, 5040
242 --> 1680, 2520, 3360, 5040
243 --> 1680, 2520, 3360, 5040
244 --> 1680, 2520, 3360, 5040
245 --> 1680, 2520, 3360, 5040
246 --> 1680, 2520, 3360, 5040
247 --> 1680, 2520, 3360, 5040
248 --> 1680, 2520, 3360, 5040
249 --> 1680, 2520, 3360, 5040
250 --> 1680, 2520, 3360, 5040
251 --> 1680, 2520, 3360, 5040
252 --> 2520, 5040
253 --> 2520, 5040
254 --> 2520, 5040
255 --> 2520, 5040
256 --> 2520, 5040
257 --> 2520, 5040
258 --> 2520, 5040
259 --> 2520, 5040
260 --> 2520, 5040
261 --> 2520, 5040
262 --> 2520, 5040
263 --> 2520, 5040
264 --> 2520, 5040
265 --> 2520, 5040
266 --> 2520, 5040
267 --> 2520, 5040
268 --> 2520, 5040
269 --> 2520, 5040
270 --> 2520, 5040
271 --> 2520, 5040
272 --> 2520, 5040
273 --> 2520, 5040
274 --> 2520, 5040
275 --> 2520, 5040
276 --> 2520, 5040
277 --> 2520, 5040
278 --> 2520, 5040
279 --> 2520, 5040
280 --> 2520, 5040
281 --> 2520, 5040
282 --> 2520, 5040
283 --> 2520, 5040
284 --> 2520, 5040
285 --> 2520, 5040
286 --> 2520, 5040
287 --> 2520, 5040
288 --> 2520, 5040
289 --> 2520, 5040
290 --> 2520, 5040
291 --> 2520, 5040
292 --> 2520, 5040
293 --> 2520, 5040
294 --> 2520, 5040
295 --> 2520, 5040
296 --> 2520, 5040
297 --> 2520, 5040
298 --> 2520, 5040
299 --> 2520, 5040
300 --> 2520, 5040
301 --> 2520, 5040
302 --> 2520, 5040
303 --> 2520, 5040
304 --> 2520, 5040
305 --> 2520, 5040
306 --> 2520, 5040
307 --> 2520, 5040
308 --> 2520, 5040
309 --> 2520, 5040
310 --> 2520, 5040
311 --> 2520, 5040
312 --> 2520, 5040
313 --> 2520, 5040
314 --> 2520, 5040
315 --> 2520, 5040
316 --> 2520, 5040
317 --> 2520, 5040
318 --> 2520, 5040
319 --> 2520, 5040
320 --> 2520, 5040
321 --> 2520, 5040
322 --> 2520, 5040
323 --> 2520, 5040
324 --> 2520, 5040
325 --> 2520, 5040
326 --> 2520, 5040
327 --> 2520, 5040
328 --> 2520, 5040
329 --> 2520, 5040
330 --> 2520, 5040
331 --> 2520, 5040
332 --> 2520, 5040
333 --> 2520, 5040
334 --> 2520, 5040
335 --> 2520, 5040
336 --> 5040
337 --> 5040
338 --> 5040
339 --> 5040
340 --> 5040
341 --> 5040
342 --> 5040
343 --> 5040
344 --> 5040
345 --> 5040
346 --> 5040
347 --> 5040
348 --> 5040
349 --> 5040
350 --> 5040
351 --> 5040
352 --> 5040
353 --> 5040
354 --> 5040
355 --> 5040
356 --> 5040
357 --> 5040
358 --> 5040
359 --> 5040
360 --> 5040
361 --> 5040
362 --> 5040
363 --> 5040
364 --> 5040
365 --> 5040
366 --> 5040
367 --> 5040
368 --> 5040
369 --> 5040
370 --> 5040
371 --> 5040
372 --> 5040
373 --> 5040
374 --> 5040
375 --> 5040
376 --> 5040
377 --> 5040
378 --> 5040
379 --> 5040
380 --> 5040
381 --> 5040
382 --> 5040
383 --> 5040
384 --> 5040
385 --> 5040
386 --> 5040
387 --> 5040
388 --> 5040
389 --> 5040
390 --> 5040
391 --> 5040
392 --> 5040
393 --> 5040
394 --> 5040
395 --> 5040
396 --> 5040
397 --> 5040
398 --> 5040
399 --> 5040
400 --> 5040
401 --> 5040
402 --> 5040
403 --> 5040
404 --> 5040
405 --> 5040
406 --> 5040
407 --> 5040
408 --> 5040
409 --> 5040
410 --> 5040
411 --> 5040
412 --> 5040
413 --> 5040
414 --> 5040
415 --> 5040
416 --> 5040
417 --> 5040
418 --> 5040
419 --> 5040
420 --> 5040
421 --> 5040
422 --> 5040
423 --> 5040
424 --> 5040
425 --> 5040
426 --> 5040
427 --> 5040
428 --> 5040
429 --> 5040
430 --> 5040
431 --> 5040
432 --> 5040
433 --> 5040
434 --> 5040
435 --> 5040
436 --> 5040
437 --> 5040
438 --> 5040
439 --> 5040
440 --> 5040
441 --> 5040
442 --> 5040
443 --> 5040
444 --> 5040
445 --> 5040
446 --> 5040
447 --> 5040
448 --> 5040
449 --> 5040
450 --> 5040
451 --> 5040
452 --> 5040
453 --> 5040
454 --> 5040
455 --> 5040
456 --> 5040
457 --> 5040
458 --> 5040
459 --> 5040
460 --> 5040
461 --> 5040
462 --> 5040
463 --> 5040
464 --> 5040
465 --> 5040
466 --> 5040
467 --> 5040
468 --> 5040
469 --> 5040
470 --> 5040
471 --> 5040
472 --> 5040
473 --> 5040
474 --> 5040
475 --> 5040
476 --> 5040
477 --> 5040
478 --> 5040
479 --> 5040
480 --> 5040, 10080
481 --> 5040, 10080
482 --> 5040, 10080
483 --> 5040, 10080
484 --> 5040, 10080
485 --> 5040, 10080
486 --> 5040, 10080
487 --> 5040, 10080
488 --> 5040, 10080
489 --> 5040, 10080
490 --> 5040, 10080
491 --> 5040, 10080
492 --> 5040, 10080
493 --> 5040, 10080
494 --> 5040, 10080
495 --> 5040, 10080
496 --> 5040, 10080
497 --> 5040, 10080
498 --> 5040, 10080
499 --> 5040, 10080
500 --> 5040, 10080
501 --> 5040, 10080
502 --> 5040, 10080
503 --> 5040, 10080
504 --> 5040, 10080
505 --> 5040, 10080
506 --> 5040, 10080
507 --> 5040, 10080
508 --> 5040, 10080
509 --> 5040, 10080
510 --> 5040, 10080
511 --> 5040, 10080
512 --> 5040, 10080
513 --> 5040, 10080
514 --> 5040, 10080
515 --> 5040, 10080
516 --> 5040, 10080
517 --> 5040, 10080
518 --> 5040, 10080
519 --> 5040, 10080
520 --> 5040, 10080
521 --> 5040, 10080
522 --> 5040, 10080
523 --> 5040, 10080
524 --> 5040, 10080
525 --> 5040, 10080
526 --> 5040, 10080
527 --> 5040, 10080
528 --> 5040, 10080
529 --> 5040, 10080
530 --> 5040, 10080
531 --> 5040, 10080
532 --> 5040, 10080
533 --> 5040, 10080
534 --> 5040, 10080
535 --> 5040, 10080
536 --> 5040, 10080
537 --> 5040, 10080
538 --> 5040, 10080
539 --> 5040, 10080
540 --> 5040, 7560, 10080, 15120
541 --> 5040, 7560, 10080, 15120
542 --> 5040, 7560, 10080, 15120
543 --> 5040, 7560, 10080, 15120
544 --> 5040, 7560, 10080, 15120
545 --> 5040, 7560, 10080, 15120
546 --> 5040, 7560, 10080, 15120
547 --> 5040, 7560, 10080, 15120
548 --> 5040, 7560, 10080, 15120
549 --> 5040, 7560, 10080, 15120
550 --> 5040, 7560, 10080, 15120
551 --> 5040, 7560, 10080, 15120
552 --> 5040, 7560, 10080, 15120
553 --> 5040, 7560, 10080, 15120
554 --> 5040, 7560, 10080, 15120
555 --> 5040, 7560, 10080, 15120
556 --> 5040, 7560, 10080, 15120
557 --> 5040, 7560, 10080, 15120
558 --> 5040, 7560, 10080, 15120
559 --> 5040, 7560, 10080, 15120
560 --> 5040, 10080, 15120
561 --> 5040, 10080, 15120
562 --> 5040, 10080, 15120
563 --> 5040, 10080, 15120
564 --> 5040, 10080, 15120
565 --> 5040, 10080, 15120
566 --> 5040, 10080, 15120
567 --> 5040, 10080, 15120
568 --> 5040, 10080, 15120
569 --> 5040, 10080, 15120
570 --> 5040, 10080, 15120
571 --> 5040, 10080, 15120
572 --> 5040, 10080, 15120
573 --> 5040, 10080, 15120
574 --> 5040, 10080, 15120
575 --> 5040, 10080, 15120
576 --> 5040, 10080, 15120
577 --> 5040, 10080, 15120
578 --> 5040, 10080, 15120
579 --> 5040, 10080, 15120
580 --> 5040, 10080, 15120
581 --> 5040, 10080, 15120
582 --> 5040, 10080, 15120
583 --> 5040, 10080, 15120
584 --> 5040, 10080, 15120
585 --> 5040, 10080, 15120
586 --> 5040, 10080, 15120
587 --> 5040, 10080, 15120
588 --> 5040, 10080, 15120
589 --> 5040, 10080, 15120
590 --> 5040, 10080, 15120
591 --> 5040, 10080, 15120
592 --> 5040, 10080, 15120
593 --> 5040, 10080, 15120
594 --> 5040, 10080, 15120
595 --> 5040, 10080, 15120
596 --> 5040, 10080, 15120
597 --> 5040, 10080, 15120
598 --> 5040, 10080, 15120
599 --> 5040, 10080, 15120
600 --> 5040, 10080, 15120
601 --> 5040, 10080, 15120
602 --> 5040, 10080, 15120
603 --> 5040, 10080, 15120
604 --> 5040, 10080, 15120
605 --> 5040, 10080, 15120
606 --> 5040, 10080, 15120
607 --> 5040, 10080, 15120
608 --> 5040, 10080, 15120
609 --> 5040, 10080, 15120
610 --> 5040, 10080, 15120
611 --> 5040, 10080, 15120
612 --> 5040, 10080, 15120
613 --> 5040, 10080, 15120
614 --> 5040, 10080, 15120
615 --> 5040, 10080, 15120
616 --> 5040, 10080, 15120
617 --> 5040, 10080, 15120
618 --> 5040, 10080, 15120
619 --> 5040, 10080, 15120
620 --> 5040, 10080, 15120
621 --> 5040, 10080, 15120
622 --> 5040, 10080, 15120
623 --> 5040, 10080, 15120
624 --> 5040, 10080, 15120
625 --> 5040, 10080, 15120
626 --> 5040, 10080, 15120
627 --> 5040, 10080, 15120
628 --> 5040, 10080, 15120
629 --> 5040, 10080, 15120
630 --> 5040, 10080, 15120
631 --> 5040, 10080, 15120
632 --> 5040, 10080, 15120
633 --> 5040, 10080, 15120
634 --> 5040, 10080, 15120
635 --> 5040, 10080, 15120
636 --> 5040, 10080, 15120
637 --> 5040, 10080, 15120
638 --> 5040, 10080, 15120
639 --> 5040, 10080, 15120
640 --> 5040, 10080, 15120
641 --> 5040, 10080, 15120
642 --> 5040, 10080, 15120
643 --> 5040, 10080, 15120
644 --> 5040, 10080, 15120
645 --> 5040, 10080, 15120
646 --> 5040, 10080, 15120
647 --> 5040, 10080, 15120
648 --> 5040, 10080, 15120
649 --> 5040, 10080, 15120
650 --> 5040, 10080, 15120
651 --> 5040, 10080, 15120
652 --> 5040, 10080, 15120
653 --> 5040, 10080, 15120
654 --> 5040, 10080, 15120
655 --> 5040, 10080, 15120
656 --> 5040, 10080, 15120
657 --> 5040, 10080, 15120
658 --> 5040, 10080, 15120
659 --> 5040, 10080, 15120
660 --> 5040, 10080, 15120, 27720
661 --> 5040, 10080, 15120, 27720
662 --> 5040, 10080, 15120, 27720
663 --> 5040, 10080, 15120, 27720
664 --> 5040, 10080, 15120, 27720
665 --> 5040, 10080, 15120, 27720
666 --> 5040, 10080, 15120, 27720
667 --> 5040, 10080, 15120, 27720
668 --> 5040, 10080, 15120, 27720
669 --> 5040, 10080, 15120, 27720
670 --> 5040, 10080, 15120, 27720
671 --> 5040, 10080, 15120, 27720
672 --> 10080
673 --> 10080
674 --> 10080
675 --> 10080
676 --> 10080
677 --> 10080
678 --> 10080
679 --> 10080
680 --> 10080
681 --> 10080
682 --> 10080
683 --> 10080
684 --> 10080
685 --> 10080
686 --> 10080
687 --> 10080
688 --> 10080
689 --> 10080
690 --> 10080
691 --> 10080
692 --> 10080
693 --> 10080, 27720
694 --> 10080, 27720
695 --> 10080, 27720
696 --> 10080, 27720
697 --> 10080, 27720
698 --> 10080, 27720
699 --> 10080, 27720
700 --> 10080, 27720
701 --> 10080, 27720
702 --> 10080, 27720
703 --> 10080, 27720
704 --> 10080, 27720
705 --> 10080, 27720
706 --> 10080, 27720
707 --> 10080, 27720
708 --> 10080, 27720
709 --> 10080, 27720
710 --> 10080, 27720
711 --> 10080, 27720
712 --> 10080, 27720
713 --> 10080, 27720
714 --> 10080, 27720
715 --> 10080, 27720
716 --> 10080, 27720
717 --> 10080, 27720
718 --> 10080, 27720
719 --> 10080, 27720
720 --> 10080
721 --> 10080
722 --> 10080
723 --> 10080
724 --> 10080
725 --> 10080
726 --> 10080
727 --> 10080
728 --> 10080
729 --> 10080
730 --> 10080
731 --> 10080
732 --> 10080
733 --> 10080
734 --> 10080
735 --> 10080
736 --> 10080
737 --> 10080
738 --> 10080
739 --> 10080
740 --> 10080
741 --> 10080
742 --> 10080
743 --> 10080
744 --> 10080
745 --> 10080
746 --> 10080
747 --> 10080
748 --> 10080
749 --> 10080
750 --> 10080
751 --> 10080
752 --> 10080
753 --> 10080
754 --> 10080
755 --> 10080
756 --> 10080, 15120
757 --> 10080, 15120
758 --> 10080, 15120
759 --> 10080, 15120
760 --> 10080, 15120
761 --> 10080, 15120
762 --> 10080, 15120
763 --> 10080, 15120
764 --> 10080, 15120
765 --> 10080, 15120
766 --> 10080, 15120
767 --> 10080, 15120
768 --> 10080, 15120
769 --> 10080, 15120
770 --> 10080, 15120, 27720
771 --> 10080, 15120, 27720
772 --> 10080, 15120, 27720
773 --> 10080, 15120, 27720
774 --> 10080, 15120, 27720
775 --> 10080, 15120, 27720
776 --> 10080, 15120, 27720
777 --> 10080, 15120, 27720
778 --> 10080, 15120, 27720
779 --> 10080, 15120, 27720
780 --> 10080, 15120, 27720
781 --> 10080, 15120, 27720
782 --> 10080, 15120, 27720
783 --> 10080, 15120, 27720
784 --> 10080, 15120, 27720
785 --> 10080, 15120, 27720
786 --> 10080, 15120, 27720
787 --> 10080, 15120, 27720
788 --> 10080, 15120, 27720
789 --> 10080, 15120, 27720
790 --> 10080, 15120, 27720
791 --> 10080, 15120, 27720
792 --> 27720
793 --> 27720
794 --> 27720
795 --> 27720
796 --> 27720
797 --> 27720
798 --> 27720
799 --> 27720
800 --> 27720
801 --> 27720
802 --> 27720
803 --> 27720
804 --> 27720
805 --> 27720
806 --> 27720
807 --> 27720
808 --> 27720
809 --> 27720
810 --> 27720
811 --> 27720
812 --> 27720
813 --> 27720
814 --> 27720
815 --> 27720
816 --> 27720
817 --> 27720
818 --> 27720
819 --> 27720
820 --> 27720
821 --> 27720
822 --> 27720
823 --> 27720
824 --> 27720
825 --> 27720
826 --> 27720
827 --> 27720
828 --> 27720
829 --> 27720
830 --> 27720
831 --> 27720
832 --> 27720
833 --> 27720
834 --> 27720
835 --> 27720
836 --> 27720
837 --> 27720
838 --> 27720
839 --> 27720
840 --> 27720
841 --> 27720
842 --> 27720
843 --> 27720
844 --> 27720
845 --> 27720
846 --> 27720
847 --> 27720
848 --> 27720
849 --> 27720
850 --> 27720
851 --> 27720
852 --> 27720
853 --> 27720
854 --> 27720
855 --> 27720
856 --> 27720
857 --> 27720
858 --> 27720
859 --> 27720
860 --> 27720
861 --> 27720
862 --> 27720
863 --> 27720
864 --> 27720
865 --> 27720
866 --> 27720
867 --> 27720
868 --> 27720
869 --> 27720
870 --> 27720
871 --> 27720
872 --> 27720
873 --> 27720
874 --> 27720
875 --> 27720
876 --> 27720
877 --> 27720
878 --> 27720
879 --> 27720
880 --> 27720, 55440
881 --> 27720, 55440
882 --> 27720, 55440
883 --> 27720, 55440
884 --> 27720, 55440
885 --> 27720, 55440
886 --> 27720, 55440
887 --> 27720, 55440
888 --> 27720, 55440
889 --> 27720, 55440
890 --> 27720, 55440
891 --> 27720, 55440
892 --> 27720, 55440
893 --> 27720, 55440
894 --> 27720, 55440
895 --> 27720, 55440
896 --> 27720, 55440
897 --> 27720, 55440
898 --> 27720, 55440
899 --> 27720, 55440
900 --> 27720, 55440
901 --> 27720, 55440
902 --> 27720, 55440
903 --> 27720, 55440
904 --> 27720, 55440
905 --> 27720, 55440
906 --> 27720, 55440
907 --> 27720, 55440
908 --> 27720, 55440
909 --> 27720, 55440
910 --> 27720, 55440
911 --> 27720, 55440
912 --> 27720, 55440
913 --> 27720, 55440
914 --> 27720, 55440
915 --> 27720, 55440
916 --> 27720, 55440
917 --> 27720, 55440
918 --> 27720, 55440
919 --> 27720, 55440
920 --> 27720, 55440
921 --> 27720, 55440
922 --> 27720, 55440
923 --> 27720, 55440
924 --> 27720, 55440
925 --> 27720, 55440
926 --> 27720, 55440
927 --> 27720, 55440
928 --> 27720, 55440
929 --> 27720, 55440
930 --> 27720, 55440
931 --> 27720, 55440
932 --> 27720, 55440
933 --> 27720, 55440
934 --> 27720, 55440
935 --> 27720, 55440
936 --> 27720, 55440
937 --> 27720, 55440
938 --> 27720, 55440
939 --> 27720, 55440
940 --> 27720, 55440
941 --> 27720, 55440
942 --> 27720, 55440
943 --> 27720, 55440
944 --> 27720, 55440
945 --> 27720, 55440
946 --> 27720, 55440
947 --> 27720, 55440
948 --> 27720, 55440
949 --> 27720, 55440
950 --> 27720, 55440
951 --> 27720, 55440
952 --> 27720, 55440
953 --> 27720, 55440
954 --> 27720, 55440
955 --> 27720, 55440
956 --> 27720, 55440
957 --> 27720, 55440
958 --> 27720, 55440
959 --> 27720, 55440
960 --> 27720, 55440
961 --> 27720, 55440
962 --> 27720, 55440
963 --> 27720, 55440
964 --> 27720, 55440
965 --> 27720, 55440
966 --> 27720, 55440
967 --> 27720, 55440
968 --> 27720, 55440
969 --> 27720, 55440
970 --> 27720, 55440
971 --> 27720, 55440
972 --> 27720, 55440
973 --> 27720, 55440
974 --> 27720, 55440
975 --> 27720, 55440
976 --> 27720, 55440
977 --> 27720, 55440
978 --> 27720, 55440
979 --> 27720, 55440
980 --> 27720, 55440
981 --> 27720, 55440
982 --> 27720, 55440
983 --> 27720, 55440
984 --> 27720, 55440
985 --> 27720, 55440
986 --> 27720, 55440
987 --> 27720, 55440
988 --> 27720, 55440
989 --> 27720, 55440
990 --> 27720, 55440
991 --> 27720, 55440
992 --> 27720, 55440
993 --> 27720, 55440
994 --> 27720, 55440
995 --> 27720, 55440
996 --> 27720, 55440
997 --> 27720, 55440
998 --> 27720, 55440
999 --> 27720, 55440
1000 --> 27720, 55440
1001 --> 27720, 55440
1002 --> 27720, 55440
1003 --> 27720, 55440
1004 --> 27720, 55440
1005 --> 27720, 55440
1006 --> 27720, 55440
1007 --> 27720, 55440
1008 --> 55440
1009 --> 55440
1010 --> 55440
1011 --> 55440
1012 --> 55440
1013 --> 55440
1014 --> 55440
1015 --> 55440
1016 --> 55440
1017 --> 55440
1018 --> 55440
1019 --> 55440
1020 --> 55440
1021 --> 55440
1022 --> 55440
1023 --> 55440
1024 --> 55440
1025 --> 55440
1026 --> 55440
1027 --> 55440
1028 --> 55440
1029 --> 55440
1030 --> 55440
1031 --> 55440
1032 --> 55440
1033 --> 55440
1034 --> 55440
1035 --> 55440
1036 --> 55440
1037 --> 55440
1038 --> 55440
1039 --> 55440
1040 --> 55440
1041 --> 55440
1042 --> 55440
1043 --> 55440
1044 --> 55440
1045 --> 55440
1046 --> 55440
1047 --> 55440
1048 --> 55440
1049 --> 55440
1050 --> 55440
1051 --> 55440
1052 --> 55440
1053 --> 55440
1054 --> 55440
1055 --> 55440
1056 --> 55440
1057 --> 55440
1058 --> 55440
1059 --> 55440
1060 --> 55440
1061 --> 55440
1062 --> 55440
1063 --> 55440
1064 --> 55440
1065 --> 55440
1066 --> 55440
1067 --> 55440
1068 --> 55440
1069 --> 55440
1070 --> 55440
1071 --> 55440
1072 --> 55440
1073 --> 55440
1074 --> 55440
1075 --> 55440
1076 --> 55440
1077 --> 55440
1078 --> 55440
1079 --> 55440
1080 --> 55440
1081 --> 55440
1082 --> 55440
1083 --> 55440
1084 --> 55440
1085 --> 55440
1086 --> 55440
1087 --> 55440
1088 --> 55440
1089 --> 55440
1090 --> 55440
1091 --> 55440
1092 --> 55440
1093 --> 55440
1094 --> 55440
1095 --> 55440
1096 --> 55440
1097 --> 55440
1098 --> 55440
1099 --> 55440
1100 --> 55440
1101 --> 55440
1102 --> 55440
1103 --> 55440
1104 --> 55440
1105 --> 55440
1106 --> 55440
1107 --> 55440
1108 --> 55440
1109 --> 55440
1110 --> 55440
1111 --> 55440
1112 --> 55440
1113 --> 55440
1114 --> 55440
1115 --> 55440
1116 --> 55440
1117 --> 55440
1118 --> 55440
1119 --> 55440
1120 --> 30240, 55440
1121 --> 30240, 55440
1122 --> 30240, 55440
1123 --> 30240, 55440
1124 --> 30240, 55440
1125 --> 30240, 55440
1126 --> 30240, 55440
1127 --> 30240, 55440
1128 --> 30240, 55440
1129 --> 30240, 55440
1130 --> 30240, 55440
1131 --> 30240, 55440
1132 --> 30240, 55440
1133 --> 30240, 55440
1134 --> 30240, 55440
1135 --> 30240, 55440
1136 --> 30240, 55440
1137 --> 30240, 55440
1138 --> 30240, 55440
1139 --> 30240, 55440
1140 --> 30240, 55440
1141 --> 30240, 55440
1142 --> 30240, 55440
1143 --> 30240, 55440
1144 --> 30240, 55440
1145 --> 30240, 55440
1146 --> 30240, 55440
1147 --> 30240, 55440
1148 --> 30240, 55440
1149 --> 30240, 55440
1150 --> 30240, 55440
1151 --> 30240, 55440
1152 --> 30240, 55440
1153 --> 30240, 55440
1154 --> 30240, 55440
1155 --> 55440
1156 --> 55440
1157 --> 55440
1158 --> 55440
1159 --> 55440
1160 --> 55440
1161 --> 55440
1162 --> 55440
1163 --> 55440
1164 --> 55440
1165 --> 55440
1166 --> 55440
1167 --> 55440
1168 --> 55440
1169 --> 55440
1170 --> 55440
1171 --> 55440
1172 --> 55440
1173 --> 55440
1174 --> 55440
1175 --> 55440
1176 --> 55440
1177 --> 55440
1178 --> 55440
1179 --> 55440
1180 --> 55440
1181 --> 55440
1182 --> 55440
1183 --> 55440
1184 --> 55440
1185 --> 55440
1186 --> 55440
1187 --> 55440
1188 --> 55440
1189 --> 55440
1190 --> 55440
1191 --> 55440
1192 --> 55440
1193 --> 55440
1194 --> 55440
1195 --> 55440
1196 --> 55440
1197 --> 55440
1198 --> 55440
1199 --> 55440
1200 --> 55440
1201 --> 55440
1202 --> 55440
1203 --> 55440
1204 --> 55440
1205 --> 55440
1206 --> 55440
1207 --> 55440
1208 --> 55440
1209 --> 55440
1210 --> 55440
1211 --> 55440
1212 --> 55440
1213 --> 55440
1214 --> 55440
1215 --> 55440
1216 --> 55440
1217 --> 55440
1218 --> 55440
1219 --> 55440
1220 --> 55440
1221 --> 55440
1222 --> 55440
1223 --> 55440
1224 --> 55440
1225 --> 55440
1226 --> 55440
1227 --> 55440
1228 --> 55440
1229 --> 55440
1230 --> 55440
1231 --> 55440
1232 --> 55440
1233 --> 55440
1234 --> 55440
1235 --> 55440
1236 --> 55440
1237 --> 55440
1238 --> 55440
1239 --> 55440
1240 --> 55440
1241 --> 55440
1242 --> 55440
1243 --> 55440
1244 --> 55440
1245 --> 55440
1246 --> 55440
1247 --> 55440
1248 --> 55440
1249 --> 55440
1250 --> 55440
1251 --> 55440
1252 --> 55440
1253 --> 55440
1254 --> 55440
1255 --> 55440
1256 --> 55440
1257 --> 55440
1258 --> 55440
1259 --> 55440
1260 --> 55440
1261 --> 55440
1262 --> 55440
1263 --> 55440
1264 --> 55440
1265 --> 55440
1266 --> 55440
1267 --> 55440
1268 --> 55440
1269 --> 55440
1270 --> 55440
1271 --> 55440
1272 --> 55440
1273 --> 55440
1274 --> 55440
1275 --> 55440
1276 --> 55440
1277 --> 55440
1278 --> 55440
1279 --> 55440
1280 --> 55440
1281 --> 55440
1282 --> 55440
1283 --> 55440
1284 --> 55440
1285 --> 55440
1286 --> 55440
1287 --> 55440
1288 --> 55440
1289 --> 55440
1290 --> 55440
1291 --> 55440
1292 --> 55440
1293 --> 55440
1294 --> 55440
1295 --> 55440
1296 --> 55440
1297 --> 55440
1298 --> 55440
1299 --> 55440
1300 --> 55440
1301 --> 55440
1302 --> 55440
1303 --> 55440
1304 --> 55440
1305 --> 55440
1306 --> 55440
1307 --> 55440
1308 --> 55440
1309 --> 55440
1310 --> 55440
1311 --> 55440
1312 --> 55440
1313 --> 55440
1314 --> 55440
1315 --> 55440
1316 --> 55440
1317 --> 55440
1318 --> 55440
1319 --> 55440
1320 --> 55440
1321 --> 55440
1322 --> 55440
1323 --> 55440
1324 --> 55440
1325 --> 55440
1326 --> 55440
1327 --> 55440
1328 --> 55440
1329 --> 55440
1330 --> 55440
1331 --> 55440
1332 --> 55440
1333 --> 55440
1334 --> 55440
1335 --> 55440
1336 --> 55440
1337 --> 55440
1338 --> 55440
1339 --> 55440
1340 --> 55440
1341 --> 55440
1342 --> 55440
1343 --> 55440
1344 --> 55440
1345 --> 55440
1346 --> 55440
1347 --> 55440
1348 --> 55440
1349 --> 55440
1350 --> 55440
1351 --> 55440
1352 --> 55440
1353 --> 55440
1354 --> 55440
1355 --> 55440
1356 --> 55440
1357 --> 55440
1358 --> 55440
1359 --> 55440
1360 --> 55440
1361 --> 55440
1362 --> 55440
1363 --> 55440
1364 --> 55440
1365 --> 55440
1366 --> 55440
1367 --> 55440
1368 --> 55440
1369 --> 55440
1370 --> 55440
1371 --> 55440
1372 --> 55440
1373 --> 55440
1374 --> 55440
1375 --> 55440
1376 --> 55440
1377 --> 55440
1378 --> 55440
1379 --> 55440
1380 --> 55440
1381 --> 55440
1382 --> 55440
1383 --> 55440
1384 --> 55440
1385 --> 55440
1386 --> 55440
1387 --> 55440
1388 --> 55440
1389 --> 55440
1390 --> 55440
1391 --> 55440
1392 --> 55440
1393 --> 55440
1394 --> 55440
1395 --> 55440
1396 --> 55440
1397 --> 55440
1398 --> 55440
1399 --> 55440
1400 --> 55440
1401 --> 55440
1402 --> 55440
1403 --> 55440
1404 --> 55440
1405 --> 55440
1406 --> 55440
1407 --> 55440
1408 --> 55440
1409 --> 55440
1410 --> 55440
1411 --> 55440
1412 --> 55440
1413 --> 55440
1414 --> 55440
1415 --> 55440
1416 --> 55440
1417 --> 55440
1418 --> 55440
1419 --> 55440
1420 --> 55440
1421 --> 55440
1422 --> 55440
1423 --> 55440
1424 --> 55440
1425 --> 55440
1426 --> 55440
1427 --> 55440
1428 --> 55440
1429 --> 55440
1430 --> 55440
1431 --> 55440
1432 --> 55440
1433 --> 55440
1434 --> 55440
1435 --> 55440
1436 --> 55440
1437 --> 55440
1438 --> 55440
1439 --> 55440
1440 --> 55440
1441 --> 55440
1442 --> 55440
1443 --> 55440
1444 --> 55440
1445 --> 55440
1446 --> 55440
1447 --> 55440
1448 --> 55440
1449 --> 55440
1450 --> 55440
1451 --> 55440
1452 --> 55440
1453 --> 55440
1454 --> 55440
1455 --> 55440
1456 --> 55440
1457 --> 55440
1458 --> 55440
1459 --> 55440
1460 --> 55440
1461 --> 55440
1462 --> 55440
1463 --> 55440
1464 --> 55440
1465 --> 55440
1466 --> 55440
1467 --> 55440
1468 --> 55440
1469 --> 55440
1470 --> 55440
1471 --> 55440
1472 --> 55440
1473 --> 55440
1474 --> 55440
1475 --> 55440
1476 --> 55440
1477 --> 55440
1478 --> 55440
1479 --> 55440
1480 --> 55440
1481 --> 55440
1482 --> 55440
1483 --> 55440
1484 --> 55440
1485 --> 55440
1486 --> 55440
1487 --> 55440
1488 --> 55440
1489 --> 55440
1490 --> 55440
1491 --> 55440
1492 --> 55440
1493 --> 55440
1494 --> 55440
1495 --> 55440
1496 --> 55440
1497 --> 55440
1498 --> 55440
1499 --> 55440
1500 --> 55440
1501 --> 55440
1502 --> 55440
1503 --> 55440
1504 --> 55440
1505 --> 55440
1506 --> 55440
1507 --> 55440
1508 --> 55440
1509 --> 55440
1510 --> 55440
1511 --> 55440
1512 --> 55440
1513 --> 55440
1514 --> 55440
1515 --> 55440
1516 --> 55440
1517 --> 55440
1518 --> 55440
1519 --> 55440
1520 --> 55440
1521 --> 55440
1522 --> 55440
1523 --> 55440
1524 --> 55440
1525 --> 55440
1526 --> 55440
1527 --> 55440
1528 --> 55440
1529 --> 55440
1530 --> 55440
1531 --> 55440
1532 --> 55440
1533 --> 55440
1534 --> 55440
1535 --> 55440
1536 --> 55440
1537 --> 55440
1538 --> 55440
1539 --> 55440
1540 --> 55440
1541 --> 55440
1542 --> 55440
1543 --> 55440
1544 --> 55440
1545 --> 55440
1546 --> 55440
1547 --> 55440
1548 --> 55440
1549 --> 55440
1550 --> 55440
1551 --> 55440
1552 --> 55440
1553 --> 55440
1554 --> 55440
1555 --> 55440
1556 --> 55440
1557 --> 55440
1558 --> 55440
1559 --> 55440
1560 --> 55440
1561 --> 55440
1562 --> 55440
1563 --> 55440
1564 --> 55440
1565 --> 55440
1566 --> 55440
1567 --> 55440
1568 --> 55440
1569 --> 55440
1570 --> 55440
1571 --> 55440
1572 --> 55440
1573 --> 55440
1574 --> 55440
1575 --> 55440
1576 --> 55440
1577 --> 55440
1578 --> 55440
1579 --> 55440
1580 --> 55440
1581 --> 55440
1582 --> 55440
1583 --> 55440
1584 --> 55440
1585 --> 55440
1586 --> 55440
1587 --> 55440
1588 --> 55440
1589 --> 55440
1590 --> 55440
1591 --> 55440
1592 --> 55440
1593 --> 55440
1594 --> 55440
1595 --> 55440
1596 --> 55440
1597 --> 55440
1598 --> 55440
1599 --> 55440
1600 --> 55440
1601 --> 55440
1602 --> 55440
1603 --> 55440
1604 --> 55440
1605 --> 55440
1606 --> 55440
1607 --> 55440
1608 --> 55440
1609 --> 55440
1610 --> 55440
1611 --> 55440
1612 --> 55440
1613 --> 55440
1614 --> 55440
1615 --> 55440
1616 --> 55440
1617 --> 55440
1618 --> 55440
1619 --> 55440
1620 --> 55440
1621 --> 55440
1622 --> 55440
1623 --> 55440
1624 --> 55440
1625 --> 55440
1626 --> 55440
1627 --> 55440
1628 --> 55440
1629 --> 55440
1630 --> 55440
1631 --> 55440
1632 --> 55440
1633 --> 55440
1634 --> 55440
1635 --> 55440
1636 --> 55440
1637 --> 55440
1638 --> 55440
1639 --> 55440
1640 --> 55440
1641 --> 55440
1642 --> 55440
1643 --> 55440
1644 --> 55440
1645 --> 55440
1646 --> 55440
1647 --> 55440
1648 --> 55440
1649 --> 55440
1650 --> 55440
1651 --> 55440
1652 --> 55440
1653 --> 55440
1654 --> 55440
1655 --> 55440
1656 --> 55440
1657 --> 55440
1658 --> 55440
1659 --> 55440
1660 --> 55440
1661 --> 55440
1662 --> 55440
1663 --> 55440
1664 --> 55440
1665 --> 55440
1666 --> 55440
1667 --> 55440
1668 --> 55440
1669 --> 55440
1670 --> 55440
1671 --> 55440
1672 --> 55440
1673 --> 55440
1674 --> 55440
1675 --> 55440
1676 --> 55440
1677 --> 55440
1678 --> 55440
1679 --> 55440
1680 --> 55440
1681 --> 55440
1682 --> 55440
1683 --> 55440
1684 --> 55440
1685 --> 55440
1686 --> 55440
1687 --> 55440
1688 --> 55440
1689 --> 55440
1690 --> 55440
1691 --> 55440
1692 --> 55440
1693 --> 55440
1694 --> 55440
1695 --> 55440
1696 --> 55440
1697 --> 55440
1698 --> 55440
1699 --> 55440
1700 --> 55440
1701 --> 55440
1702 --> 55440
1703 --> 55440
1704 --> 55440
1705 --> 55440
1706 --> 55440
1707 --> 55440
1708 --> 55440
1709 --> 55440
1710 --> 55440
1711 --> 55440
1712 --> 55440
1713 --> 55440
1714 --> 55440
1715 --> 55440
1716 --> 55440
1717 --> 55440
1718 --> 55440
1719 --> 55440
1720 --> 55440
1721 --> 55440
1722 --> 55440
1723 --> 55440
1724 --> 55440
1725 --> 55440
1726 --> 55440
1727 --> 55440
1728 --> 55440
1729 --> 55440
1730 --> 55440
1731 --> 55440
1732 --> 55440
1733 --> 55440
1734 --> 55440
1735 --> 55440
1736 --> 55440
1737 --> 55440
1738 --> 55440
1739 --> 55440
1740 --> 55440
1741 --> 55440
1742 --> 55440
1743 --> 55440
1744 --> 55440
1745 --> 55440
1746 --> 55440
1747 --> 55440
1748 --> 55440
1749 --> 55440
1750 --> 55440
1751 --> 55440
1752 --> 55440
1753 --> 55440
1754 --> 55440
1755 --> 55440
1756 --> 55440
1757 --> 55440
1758 --> 55440
1759 --> 55440
1760 --> 55440, 110880
1761 --> 55440, 110880
1762 --> 55440, 110880
1763 --> 55440, 110880
1764 --> 55440, 110880
1765 --> 55440, 110880
1766 --> 55440, 110880
1767 --> 55440, 110880
1768 --> 55440, 110880
1769 --> 55440, 110880
1770 --> 55440, 110880
1771 --> 55440, 110880
1772 --> 55440, 110880
1773 --> 55440, 110880
1774 --> 55440, 110880
1775 --> 55440, 110880
1776 --> 55440, 110880
1777 --> 55440, 110880
1778 --> 55440, 110880
1779 --> 55440, 110880
1780 --> 55440, 110880
1781 --> 55440, 110880
1782 --> 55440, 110880
1783 --> 55440, 110880
1784 --> 55440, 110880
1785 --> 55440, 110880
1786 --> 55440, 110880
1787 --> 55440, 110880
1788 --> 55440, 110880
1789 --> 55440, 110880
1790 --> 55440, 110880
1791 --> 55440, 110880
1792 --> 55440, 110880
1793 --> 55440, 110880
1794 --> 55440, 110880
1795 --> 55440, 110880
1796 --> 55440, 110880
1797 --> 55440, 110880
1798 --> 55440, 110880
1799 --> 55440, 110880
1800 --> 55440, 110880
1801 --> 55440, 110880
1802 --> 55440, 110880
1803 --> 55440, 110880
1804 --> 55440, 110880
1805 --> 55440, 110880
1806 --> 55440, 110880
1807 --> 55440, 110880
1808 --> 55440, 110880
1809 --> 55440, 110880
1810 --> 55440, 110880
1811 --> 55440, 110880
1812 --> 55440, 110880
1813 --> 55440, 110880
1814 --> 55440, 110880
1815 --> 55440, 110880
1816 --> 55440, 110880
1817 --> 55440, 110880
1818 --> 55440, 110880
1819 --> 55440, 110880
1820 --> 55440, 110880
1821 --> 55440, 110880
1822 --> 55440, 110880
1823 --> 55440, 110880
1824 --> 55440, 110880
1825 --> 55440, 110880
1826 --> 55440, 110880
1827 --> 55440, 110880
1828 --> 55440, 110880
1829 --> 55440, 110880
1830 --> 55440, 110880
1831 --> 55440, 110880
1832 --> 55440, 110880
1833 --> 55440, 110880
1834 --> 55440, 110880
1835 --> 55440, 110880
1836 --> 55440, 110880
1837 --> 55440, 110880
1838 --> 55440, 110880
1839 --> 55440, 110880
1840 --> 55440, 110880
1841 --> 55440, 110880
1842 --> 55440, 110880
1843 --> 55440, 110880
1844 --> 55440, 110880
1845 --> 55440, 110880
1846 --> 55440, 110880
1847 --> 55440, 110880
1848 --> 55440, 110880
1849 --> 55440, 110880
1850 --> 55440, 110880
1851 --> 55440, 110880
1852 --> 55440, 110880
1853 --> 55440, 110880
1854 --> 55440, 110880
1855 --> 55440, 110880
1856 --> 55440, 110880
1857 --> 55440, 110880
1858 --> 55440, 110880
1859 --> 55440, 110880
1860 --> 55440, 110880
1861 --> 55440, 110880
1862 --> 55440, 110880
1863 --> 55440, 110880
1864 --> 55440, 110880
1865 --> 55440, 110880
1866 --> 55440, 110880
1867 --> 55440, 110880
1868 --> 55440, 110880
1869 --> 55440, 110880
1870 --> 55440, 110880
1871 --> 55440, 110880
1872 --> 55440, 110880
1873 --> 55440, 110880
1874 --> 55440, 110880
1875 --> 55440, 110880
1876 --> 55440, 110880
1877 --> 55440, 110880
1878 --> 55440, 110880
1879 --> 55440, 110880
1880 --> 55440, 110880
1881 --> 55440, 110880
1882 --> 55440, 110880
1883 --> 55440, 110880
1884 --> 55440, 110880
1885 --> 55440, 110880
1886 --> 55440, 110880
1887 --> 55440, 110880
1888 --> 55440, 110880
1889 --> 55440, 110880
1890 --> 55440, 110880
1891 --> 55440, 110880
1892 --> 55440, 110880
1893 --> 55440, 110880
1894 --> 55440, 110880
1895 --> 55440, 110880
1896 --> 55440, 110880
1897 --> 55440, 110880
1898 --> 55440, 110880
1899 --> 55440, 110880
1900 --> 55440, 110880
1901 --> 55440, 110880
1902 --> 55440, 110880
1903 --> 55440, 110880
1904 --> 55440, 110880
1905 --> 55440, 110880
1906 --> 55440, 110880
1907 --> 55440, 110880
1908 --> 55440, 110880
1909 --> 55440, 110880
1910 --> 55440, 110880
1911 --> 55440, 110880
1912 --> 55440, 110880
1913 --> 55440, 110880
1914 --> 55440, 110880
1915 --> 55440, 110880
1916 --> 55440, 110880
1917 --> 55440, 110880
1918 --> 55440, 110880
1919 --> 55440, 110880
1920 --> 55440, 110880
1921 --> 55440, 110880
1922 --> 55440, 110880
1923 --> 55440, 110880
1924 --> 55440, 110880
1925 --> 55440, 110880
1926 --> 55440, 110880
1927 --> 55440, 110880
1928 --> 55440, 110880
1929 --> 55440, 110880
1930 --> 55440, 110880
1931 --> 55440, 110880
1932 --> 55440, 110880
1933 --> 55440, 110880
1934 --> 55440, 110880
1935 --> 55440, 110880
1936 --> 55440, 110880
1937 --> 55440, 110880
1938 --> 55440, 110880
1939 --> 55440, 110880
1940 --> 55440, 110880
1941 --> 55440, 110880
1942 --> 55440, 110880
1943 --> 55440, 110880
1944 --> 55440, 110880
1945 --> 55440, 110880
1946 --> 55440, 110880
1947 --> 55440, 110880
1948 --> 55440, 110880
1949 --> 55440, 110880
1950 --> 55440, 110880
1951 --> 55440, 110880
1952 --> 55440, 110880
1953 --> 55440, 110880
1954 --> 55440, 110880
1955 --> 55440, 110880
1956 --> 55440, 110880
1957 --> 55440, 110880
1958 --> 55440, 110880
1959 --> 55440, 110880
1960 --> 55440, 110880
1961 --> 55440, 110880
1962 --> 55440, 110880
1963 --> 55440, 110880
1964 --> 55440, 110880
1965 --> 55440, 110880
1966 --> 55440, 110880
1967 --> 55440, 110880
1968 --> 55440, 110880
1969 --> 55440, 110880
1970 --> 55440, 110880
1971 --> 55440, 110880
1972 --> 55440, 110880
1973 --> 55440, 110880
1974 --> 55440, 110880
1975 --> 55440, 110880
1976 --> 55440, 110880
1977 --> 55440, 110880
1978 --> 55440, 110880
1979 --> 55440, 110880
1980 --> 55440, 110880
1981 --> 55440, 110880
1982 --> 55440, 110880
1983 --> 55440, 110880
1984 --> 55440, 110880
1985 --> 55440, 110880
1986 --> 55440, 110880
1987 --> 55440, 110880
1988 --> 55440, 110880
1989 --> 55440, 110880
1990 --> 55440, 110880
1991 --> 55440, 110880
1992 --> 55440, 110880
1993 --> 55440, 110880
1994 --> 55440, 110880
1995 --> 55440, 110880
1996 --> 55440, 110880
1997 --> 55440, 110880
1998 --> 55440, 110880
1999 --> 55440, 110880
2000 --> 55440, 110880
