1 1
2 1
3 3
4 1
5 1
6 2
7 2
8 4
9 5
10 9
11 9
12 2
13 2
14 2
15 4
16 5
17 5
18 1
19 1
20 1
21 1
22 1
23 1
24 5
25 5
26 5
27 5
28 7
29 7
30 2
31 2
32 2
33 2
34 2
35 2
36 4
37 4
38 4
39 4
40 1
41 1
42 1
43 1
44 1
45 3
46 3
47 3
48 4
49 4
50 4
51 4
52 4
53 4
54 4
55 4
56 6
57 6
58 6
59 6
60 4
61 4
62 4
63 4
64 4
65 4
66 4
67 4
68 4
69 4
70 6
71 6
72 1
73 1
74 1
75 1
76 1
77 1
78 1
79 1
80 3
81 3
82 3
83 3
84 6
85 6
86 6
87 6
88 6
89 6
90 2
91 2
92 2
93 2
94 2
95 2
96 2
97 2
98 2
99 2
100 2
101 2
102 2
103 2
104 2
105 5
106 5
107 5
108 5
109 5
110 5
111 5
112 6
113 6
114 6
115 6
116 6
117 6
118 6
119 6
120 4
121 4
122 4
123 4
124 4
125 4
126 6
127 6
128 6
129 6
130 6
131 6
132 6
133 6
134 6
135 7
136 7
137 7
138 7
139 7
140 4
141 4
142 4
143 4
144 5
145 5
146 5
147 5
148 5
149 5
150 5
151 5
152 5
153 5
154 5
155 5
156 5
157 5
158 5
159 5
160 6
161 6
162 6
163 6
164 6
165 6
166 6
167 6
168 3
169 3
170 3
171 3
172 3
173 3
174 3
175 3
176 3
177 3
178 3
179 3
180 1
181 1
182 1
183 1
184 1
185 1
186 1
187 1
188 1
189 1
190 1
191 1
192 1
193 1
194 1
195 1
196 1
197 1
198 1
199 1
200 1
