1 1
2 2
3 2
4 3
5 3
6 4
7 4
8 4
9 4
10 4
11 4
12 6
13 6
14 6
15 6
16 6
17 6
18 7
19 7
20 8
21 8
22 8
23 8
24 8
25 8
26 8
27 8
28 8
29 8
30 10
31 10
32 10
33 10
34 10
35 10
36 10
37 10
38 10
39 10
40 12
41 12
42 12
43 12
44 12
45 12
46 12
47 12
48 12
49 12
50 12
51 12
52 12
53 12
54 12
55 12
56 12
57 12
58 12
59 12
60 14
61 14
62 14
63 14
64 14
65 14
66 14
67 14
68 14
69 14
70 14
71 14
72 16
73 16
74 16
75 16
76 16
77 16
78 16
79 16
80 16
81 16
82 16
83 16
84 16
85 16
86 16
87 16
88 16
89 16
90 18
91 18
92 18
93 18
94 18
95 18
96 18
97 18
98 18
99 18
100 18
101 18
102 18
103 18
104 18
105 18
106 18
107 18
108 18
109 18
110 18
111 18
112 18
113 18
114 18
115 18
116 18
117 18
118 18
119 18
120 20
121 20
122 20
123 20
124 20
125 20
126 20
127 20
128 20
129 20
130 20
131 20
132 20
133 20
134 20
135 20
136 20
137 20
138 20
139 20
140 22
141 22
142 22
143 22
144 22
145 22
146 22
147 22
148 22
149 22
150 22
151 22
152 22
153 22
154 22
155 22
156 22
157 22
158 22
159 22
160 22
161 22
162 22
163 22
164 22
165 22
166 22
167 22
168 24
169 24
170 24
171 24
172 24
173 24
174 24
175 24
176 24
177 24
178 24
179 24
180 26
181 26
182 26
183 26
184 26
185 26
186 26
187 26
188 26
189 26
190 26
191 26
192 26
193 26
194 26
195 26
196 26
197 26
198 26
199 26
200 26
201 26
202 26
203 26
204 26
205 26
206 26
207 26
208 26
209 26
210 28
211 28
212 28
213 28
214 28
215 28
216 28
217 28
218 28
219 28
220 28
221 28
222 28
223 28
224 28
225 28
226 28
227 28
228 28
229 28
230 28
231 28
232 28
233 28
234 28
235 28
236 28
237 28
238 28
239 28
240 28
241 28
242 28
243 28
244 28
245 28
246 28
247 28
248 28
249 28
250 28
251 28
252 30
253 30
254 30
255 30
256 30
257 30
258 30
259 30
260 30
261 30
262 30
263 30
264 30
265 30
266 30
267 30
268 30
269 30
270 30
271 30
272 30
273 30
274 30
275 30
276 30
277 30
278 30
279 30
280 32
281 32
282 32
283 32
284 32
285 32
286 32
287 32
288 32
289 32
290 32
291 32
292 32
293 32
294 32
295 32
296 32
297 32
298 32
299 32
300 32
301 32
302 32
303 32
304 32
305 32
306 32
307 32
308 32
309 32
310 32
311 32
312 32
313 32
314 32
315 34
316 34
317 34
318 34
319 34
320 34
321 34
322 34
323 34
324 34
325 34
326 34
327 34
328 34
329 34
330 34
331 34
332 34
333 34
334 34
335 34
336 36
337 36
338 36
339 36
340 36
341 36
342 36
343 36
344 36
345 36
346 36
347 36
348 36
349 36
350 36
351 36
352 36
353 36
354 36
355 36
356 36
357 36
358 36
359 36
360 38
361 38
362 38
363 38
364 38
365 38
366 38
367 38
368 38
369 38
370 38
371 38
372 38
373 38
374 38
375 38
376 38
377 38
378 38
379 38
380 38
381 38
382 38
383 38
384 38
385 38
386 38
387 38
388 38
389 38
390 38
391 38
392 38
393 38
394 38
395 38
396 38
397 38
398 38
399 38
400 38
401 38
402 38
403 38
404 38
405 38
406 38
407 38
408 38
409 38
410 38
411 38
412 38
413 38
414 38
415 38
416 38
417 38
418 38
419 38
420 40
421 40
422 40
423 40
424 40
425 40
426 40
427 40
428 40
429 40
430 40
431 40
432 40
433 40
434 40
435 40
436 40
437 40
438 40
439 40
440 40
441 40
442 40
443 40
444 40
445 40
446 40
447 40
448 40
449 40
450 40
451 40
452 40
453 40
454 40
455 40
456 40
457 40
458 40
459 40
460 40
461 40
462 40
463 40
464 40
465 40
466 40
467 40
468 40
469 40
470 40
471 40
472 40
473 40
474 40
475 40
476 40
477 40
478 40
479 40
480 40
481 40
482 40
483 40
484 40
485 40
486 40
487 40
488 40
489 40
490 40
491 40
492 40
493 40
494 40
495 40
496 40
497 40
498 40
499 40
500 40
501 40
502 40
503 40
504 42
505 42
506 42
507 42
508 42
509 42
510 42
511 42
512 42
513 42
514 42
515 42
516 42
517 42
518 42
519 42
520 42
521 42
522 42
523 42
524 42
525 42
526 42
527 42
528 42
529 42
530 42
531 42
532 42
533 42
534 42
535 42
536 42
537 42
538 42
539 42
540 42
541 42
542 42
543 42
544 42
545 42
546 42
547 42
548 42
549 42
550 42
551 42
552 42
553 42
554 42
555 42
556 42
557 42
558 42
559 42
560 44
561 44
562 44
563 44
564 44
565 44
566 44
567 44
568 44
569 44
570 44
571 44
572 44
573 44
574 44
575 44
576 44
577 44
578 44
579 44
580 44
581 44
582 44
583 44
584 44
585 44
586 44
587 44
588 44
589 44
590 44
591 44
592 44
593 44
594 44
595 44
596 44
597 44
598 44
599 44
600 44
601 44
602 44
603 44
604 44
605 44
606 44
607 44
608 44
609 44
610 44
611 44
612 44
613 44
614 44
615 44
616 44
617 44
618 44
619 44
620 44
621 44
622 44
623 44
624 44
625 44
626 44
627 44
628 44
629 44
630 46
631 46
632 46
633 46
634 46
635 46
636 46
637 46
638 46
639 46
640 46
641 46
642 46
643 46
644 46
645 46
646 46
647 46
648 46
649 46
650 46
651 46
652 46
653 46
654 46
655 46
656 46
657 46
658 46
659 46
660 46
661 46
662 46
663 46
664 46
665 46
666 46
667 46
668 46
669 46
670 46
671 46
672 48
673 48
674 48
675 48
676 48
677 48
678 48
679 48
680 48
681 48
682 48
683 48
684 48
685 48
686 48
687 48
688 48
689 48
690 48
691 48
692 48
693 48
694 48
695 48
696 48
697 48
698 48
699 48
700 48
701 48
702 48
703 48
704 48
705 48
706 48
707 48
708 48
709 48
710 48
711 48
712 48
713 48
714 48
715 48
716 48
717 48
718 48
719 48
720 50
721 50
722 50
723 50
724 50
725 50
726 50
727 50
728 50
729 50
730 50
731 50
732 50
733 50
734 50
735 50
736 50
737 50
738 50
739 50
740 50
741 50
742 50
743 50
744 50
745 50
746 50
747 50
748 50
749 50
750 50
751 50
752 50
753 50
754 50
755 50
756 50
757 50
758 50
759 50
760 50
761 50
762 50
763 50
764 50
765 50
766 50
767 50
768 50
769 50
770 50
771 50
772 50
773 50
774 50
775 50
776 50
777 50
778 50
779 50
780 50
781 50
782 50
783 50
784 50
785 50
786 50
787 50
788 50
789 50
790 50
791 50
792 52
793 52
794 52
795 52
796 52
797 52
798 52
799 52
800 52
801 52
802 52
803 52
804 52
805 52
806 52
807 52
808 52
809 52
810 52
811 52
812 52
813 52
814 52
815 52
816 52
817 52
818 52
819 52
820 52
821 52
822 52
823 52
824 52
825 52
826 52
827 52
828 52
829 52
830 52
831 52
832 52
833 52
834 52
835 52
836 52
837 52
838 52
839 52
840 54
841 54
842 54
843 54
844 54
845 54
846 54
847 54
848 54
849 54
850 54
851 54
852 54
853 54
854 54
855 54
856 54
857 54
858 54
859 54
860 54
861 54
862 54
863 54
864 54
865 54
866 54
867 54
868 54
869 54
870 54
871 54
872 54
873 54
874 54
875 54
876 54
877 54
878 54
879 54
880 54
881 54
882 54
883 54
884 54
885 54
886 54
887 54
888 54
889 54
890 54
891 54
892 54
893 54
894 54
895 54
896 54
897 54
898 54
899 54
900 54
901 54
902 54
903 54
904 54
905 54
906 54
907 54
908 54
909 54
910 54
911 54
912 54
913 54
914 54
915 54
916 54
917 54
918 54
919 54
920 54
921 54
922 54
923 54
924 56
925 56
926 56
927 56
928 56
929 56
930 56
931 56
932 56
933 56
934 56
935 56
936 56
937 56
938 56
939 56
940 56
941 56
942 56
943 56
944 56
945 56
946 56
947 56
948 56
949 56
950 56
951 56
952 56
953 56
954 56
955 56
956 56
957 56
958 56
959 56
960 56
961 56
962 56
963 56
964 56
965 56
966 56
967 56
968 56
969 56
970 56
971 56
972 56
973 56
974 56
975 56
976 56
977 56
978 56
979 56
980 56
981 56
982 56
983 56
984 56
985 56
986 56
987 56
988 56
989 56
990 58
991 58
992 58
993 58
994 58
995 58
996 58
997 58
998 58
999 58
1000 58
1001 58
1002 58
1003 58
1004 58
1005 58
1006 58
1007 58
1008 60
1009 60
1010 60
1011 60
1012 60
1013 60
1014 60
1015 60
1016 60
1017 60
1018 60
1019 60
1020 60
1021 60
1022 60
1023 60
1024 60
1025 60
1026 60
1027 60
1028 60
1029 60
1030 60
1031 60
1032 60
1033 60
1034 60
1035 60
1036 60
1037 60
1038 60
1039 60
1040 60
1041 60
1042 60
1043 60
1044 60
1045 60
1046 60
1047 60
1048 60
1049 60
1050 60
1051 60
1052 60
1053 60
1054 60
1055 60
1056 60
1057 60
1058 60
1059 60
1060 60
1061 60
1062 60
1063 60
1064 60
1065 60
1066 60
1067 60
1068 60
1069 60
1070 60
1071 60
1072 60
1073 60
1074 60
1075 60
1076 60
1077 60
1078 60
1079 60
1080 60
1081 60
1082 60
1083 60
1084 60
1085 60
1086 60
1087 60
1088 60
1089 60
1090 60
1091 60
1092 60
1093 60
1094 60
1095 60
1096 60
1097 60
1098 60
1099 60
1100 60
1101 60
1102 60
1103 60
1104 60
1105 60
1106 60
1107 60
1108 60
1109 60
1110 60
1111 60
1112 60
1113 60
1114 60
1115 60
1116 60
1117 60
1118 60
1119 60
1120 60
1121 60
1122 60
1123 60
1124 60
1125 60
1126 60
1127 60
1128 60
1129 60
1130 60
1131 60
1132 60
1133 60
1134 60
1135 60
1136 60
1137 60
1138 60
1139 60
1140 60
1141 60
1142 60
1143 60
1144 60
1145 60
1146 60
1147 60
1148 60
1149 60
1150 60
1151 60
1152 60
1153 60
1154 60
1155 62
1156 62
1157 62
1158 62
1159 62
1160 62
1161 62
1162 62
1163 62
1164 62
1165 62
1166 62
