1 0
2 1
3 3
4 6
5 10
6 13
7 19
8 24
9 31
10 36
11 46
12 51
13 63
14 70
15 78
16 87
17 103
18 111
19 129
20 139
21 150
22 161
23 183
24 192
25 210
26 223
27 239
28 252
29 280
30 291
31 321
32 337
33 354
34 371
35 390
36 403
37 439
38 458
39 478
40 493
41 533
42 549
43 591
44 611
45 631
46 654
47 700
48 717
49 752
50 774
51 800
52 823
53 875
54 896
55 926
56 947
57 976
58 1005
59 1063
60 1081
61 1141
62 1172
63 1199
64 1227
65 1262
66 1287
67 1353
68 1383
69 1418
70 1443
71 1513
72 1536
73 1608
74 1645
75 1679
76 1712
77 1756
78 1786
79 1864
80 1891
81 1932
82 1973
83 2055
84 2083
85 2129
86 2172
87 2216
88 2250
89 2338
90 2365
91 2416
92 2456
93 2503
94 2550
95 2600
96 2629
97 2725
98 2767
99 2812
100 2851
101 2951
102 2989
103 3091
104 3131
105 3171
106 3224
107 3330
108 3363
109 3471
110 3513
111 3569
112 3609
113 3721
114 3764
115 3825
116 3875
117 3927
118 3986
119 4051
120 4084
121 4168
122 4229
123 4291
124 4344
125 4413
126 4452
127 4578
128 4629
129 4694
130 4741
131 4871
132 4911
133 4983
134 5050
135 5101
136 5152
137 5288
138 5340
139 5478
140 5523
141 5594
142 5665
143 5751
144 5793
145 5870
146 5943
147 6007
148 6070
149 6218
150 6262
151 6412
152 6469
153 6537
154 6591
155 6672
156 6721
157 6877
158 6956
159 7036
160 7086
161 7172
162 7228
163 7390
164 7460
165 7521
166 7604
167 7770
168 7815
169 7932
170 7994
171 8069
172 8142
173 8314
174 8379
175 8459
176 8518
177 8607
178 8696
179 8874
180 8921
181 9101
182 9167
183 9259
184 9327
185 9424
186 9493
187 9602
188 9682
189 9752
190 9822
191 10012
192 10068
193 10260
194 10357
195 10431
196 10504
197 10700
198 10763
199 10961
200 11026
201 11127
202 11228
203 11338
204 11401
205 11509
206 11612
207 11702
208 11771
209 11890
210 11946
211 12156
212 12246
213 12353
214 12460
215 12572
216 12630
217 12747
218 12856
219 12966
220 13037
221 13170
222 13252
223 13474
224 13544
225 13627
226 13740
227 13966
228 14033
229 14261
230 14345
231 14431
232 14518
233 14750
234 14821
235 14944
236 15044
237 15163
238 15250
239 15488
240 15546
241 15786
242 15888
243 15996
244 16099
245 16210
246 16301
247 16445
248 16537
249 16662
250 16754
251 17004
252 17068
253 17211
254 17338
255 17437
256 17532
257 17788
258 17884
259 18025
260 18106
261 18218
262 18349
263 18611
264 18681
265 18820
266 18916
267 19050
268 19163
269 19431
270 19502
271 19772
272 19868
273 19970
274 20107
275 20227
276 20311
277 20587
278 20726
279 20846
280 20922
281 21202
282 21306
283 21588
284 21708
285 21818
286 21923
287 22078
288 22152
289 22353
290 22459
291 22605
292 22728
293 23020
294 23114
295 23268
296 23378
297 23492
298 23641
299 23815
300 23890
301 24052
302 24203
303 24355
304 24458
305 24617
306 24710
307 25016
308 25110
309 25265
310 25376
311 25686
312 25773
313 26085
314 26242
315 26340
316 26473
317 26789
318 26907
319 27088
320 27181
321 27342
322 27456
323 27658
324 27747
325 27891
326 28054
327 28218
328 28339
329 28515
330 28604
331 28934
332 29074
333 29216
334 29383
335 29557
336 29640
337 29976
338 30115
339 30285
340 30388
341 30580
342 30687
343 30875
344 31002
345 31130
346 31303
347 31649
348 31754
349 32102
350 32205
351 32333
352 32441
353 32793
354 32924
355 33109
356 33259
357 33388
358 33567
359 33925
360 34006
361 34255
362 34436
363 34591
364 34707
365 34897
366 35032
367 35398
368 35523
369 35680
370 35814
371 36011
372 36123
373 36495
374 36627
375 36769
376 36906
377 37124
378 37228
379 37606
380 37725
381 37916
382 38107
383 38489
384 38594
385 38747
386 38940
387 39105
388 39268
389 39656
390 39757
391 39992
392 40112
393 40309
394 40506
395 40711
396 40809
397 41205
398 41404
399 41554
400 41668
401 42068
402 42216
403 42446
404 42616
405 42755
406 42900
407 43130
408 43238
409 43646
410 43795
411 44001
412 44174
413 44395
414 44522
415 44738
416 44865
417 45074
418 45224
419 45642
420 45736
421 46156
422 46367
423 46546
424 46701
425 46885
426 47042
427 47270
428 47450
429 47611
430 47764
431 48194
432 48301
433 48733
434 48887
435 49051
436 49234
437 49504
438 49666
439 50104
440 50228
441 50384
442 50542
443 50984
444 51120
445 51352
446 51575
447 51799
448 51932
449 52380
450 52493
451 52746
452 52936
453 53163
454 53390
455 53570
456 53687
457 54143
458 54372
459 54544
460 54689
461 55149
462 55275
463 55737
464 55896
465 56069
466 56302
467 56768
468 56887
469 57139
470 57308
471 57544
472 57717
473 57978
474 58153
475 58361
476 58508
477 58710
478 58949
479 59427
480 59534
481 59812
482 60053
483 60237
484 60409
485 60661
486 60811
487 61297
488 61476
489 61721
490 61866
491 62356
492 62505
493 62801
494 62975
495 63130
496 63300
497 63566
498 63750
499 64248
500 64407
501 64658
502 64909
503 65411
504 65523
505 65786
506 65974
507 66187
508 66400
509 66908
510 67045
511 67318
512 67496
513 67687
514 67944
515 68211
516 68365
517 68649
518 68833
519 69093
520 69232
521 69752
522 69912
523 70434
524 70654
525 70814
526 71077
527 71389
528 71514
529 71881
530 72072
531 72297
532 72460
533 72763
534 72960
535 73238
536 73435
537 73704
538 73973
539 74220
540 74338
541 74878
542 75149
543 75421
544 75597
545 75880
546 76029
547 76575
548 76805
549 77036
550 77207
551 77542
552 77685
553 77979
554 78256
555 78460
556 78693
557 79249
558 79417
559 79730
560 79866
561 80073
562 80354
563 80916
564 81086
565 81380
566 81663
567 81859
568 82066
569 82634
570 82780
571 83350
572 83526
573 83813
574 84017
575 84275
576 84412
577 84988
578 85225
579 85515
580 85696
581 86004
582 86218
583 86541
584 86754
585 86936
586 87229
587 87815
588 87967
589 88319
590 88531
591 88827
592 89026
593 89618
594 89779
595 90006
596 90256
597 90555
598 90770
599 91368
600 91501
601 92101
602 92315
603 92569
604 92822
605 93091
606 93314
607 93920
608 94108
609 94331
610 94550
611 94891
612 95044
613 95656
614 95963
615 96192
616 96356
617 96972
618 97200
619 97818
620 98008
621 98238
622 98549
623 98881
624 99035
625 99337
626 99650
627 99879
628 100142
629 100515
630 100658
631 101288
632 101519
633 101836
634 102153
635 102482
636 102672
637 102963
638 103193
639 103462
640 103633
641 104273
642 104509
643 105151
644 105348
645 105588
646 105830
647 106476
648 106634
649 106994
650 107196
651 107436
652 107709
653 108361
654 108602
655 108942
656 109161
657 109439
658 109671
659 110329
660 110476
661 111136
662 111467
663 111710
664 111952
665 112210
666 112411
667 112831
668 113111
669 113446
670 113686
671 114057
672 114209
673 114881
674 115218
675 115434
676 115672
677 116348
678 116598
679 116961
680 117143
681 117484
682 117726
683 118408
684 118581
685 118937
686 119181
687 119525
688 119756
689 120142
690 120318
691 121008
692 121298
693 121516
694 121863
695 122223
696 122407
697 122816
698 123165
699 123515
700 123693
701 124393
702 124578
703 125005
704 125210
705 125471
706 125824
707 126201
708 126414
709 127122
710 127377
711 127677
712 127936
713 128375
714 128567
715 128853
716 129153
717 129512
718 129871
719 130589
720 130736
721 131120
722 131414
723 131776
724 132079
725 132409
726 132632
727 133358
728 133556
729 133849
730 134110
731 134534
732 134754
733 135486
734 135853
735 136076
736 136298
737 136707
738 136929
739 137667
740 137893
741 138162
742 138425
743 139167
744 139364
745 139751
746 140124
747 140439
748 140664
749 141062
750 141250
751 142000
752 142250
753 142627
754 142906
755 143297
756 143464
757 144220
758 144599
759 144874
760 145083
761 145843
762 146123
763 146528
764 146848
765 147097
766 147480
767 147911
768 148106
769 148874
770 149074
771 149460
772 149783
773 150555
774 150787
775 151133
776 151415
777 151700
778 152089
779 152553
780 152723
781 153156
782 153435
783 153737
784 153961
785 154368
786 154657
787 155443
788 155773
789 156168
790 156449
791 156868
792 157042
793 157486
794 157883
795 158177
796 158510
797 159306
798 159526
799 159987
800 160191
801 160528
802 160929
803 161372
804 161614
805 161924
806 162212
807 162616
808 162909
809 163717
810 163906
811 164716
812 164972
813 165379
814 165668
815 166090
816 166289
817 166769
818 167178
819 167427
820 167680
821 168500
822 168802
823 169624
824 169924
825 170170
826 170461
827 171287
828 171492
829 172320
830 172618
831 173034
832 173270
833 173638
834 173945
835 174378
836 174632
837 174947
838 175366
839 176204
840 176371
841 176959
842 177380
843 177802
844 178155
845 178521
846 178770
847 179164
848 179447
849 179872
850 180121
851 180642
852 180897
853 181749
854 182051
855 182317
856 182628
857 183484
858 183716
859 184574
860 184840
861 185157
862 185588
863 186450
864 186643
865 187092
866 187525
867 187889
868 188159
869 188637
870 188861
871 189349
872 189667
873 190034
874 190351
875 190687
876 190949
877 191825
878 192264
879 192704
880 192927
881 193807
882 194029
883 194911
884 195176
885 195502
886 195945
887 196831
888 197062
889 197536
890 197855
891 198161
892 198534
893 199053
894 199382
895 199846
896 200097
897 200424
898 200873
899 201466
900 201656
901 202177
902 202501
903 202834
904 203163
905 203632
906 203965
907 204871
908 205251
909 205633
910 205870
911 206780
912 206994
913 207498
914 207955
915 208294
916 208677
917 209165
918 209411
919 210329
920 210579
921 211040
922 211501
923 212015
924 212220
925 212627
926 213090
927 213479
928 213761
929 214689
930 214930
931 215342
932 215732
933 216199
934 216666
935 217026
936 217237
937 218173
938 218503
939 218973
940 219259
941 220199
942 220545
943 221120
944 221434
945 221689
946 222028
947 222974
948 223258
949 223785
950 224072
951 224548
952 224805
953 225757
954 226045
955 226540
956 226940
957 227289
958 227768
959 228277
960 228475
961 229144
962 229487
963 229891
964 230294
965 230794
966 231059
967 232025
968 232323
969 232695
970 233041
971 234011
972 234250
973 234766
974 235253
975 235553
976 235880
977 236856
978 237216
979 237755
980 238001
981 238412
982 238903
983 239885
984 240139
985 240650
986 241002
987 241365
988 241661
989 242258
990 242476
991 243466
992 243776
993 244273
994 244620
995 245135
996 245433
997 246429
998 246928
999 247298
1000 247568
1001 247994
1002 248362
1003 248939
1004 249359
1005 249731
1006 250234
1007 250821
1008 251022
1009 252030
1010 252392
1011 252898
1012 253223
1013 254235
1014 254542
1015 254933
1016 255302
1017 255728
1018 256237
1019 257255
1020 257474
1021 258494
1022 258853
1023 259235
1024 259570
1025 260018
1026 260299
1027 260869
1028 261299
1029 261676
1030 262044
1031 263074
1032 263339
1033 264371
1034 264737
1035 265058
1036 265375
1037 265968
1038 266350
1039 267388
1040 267634
1041 268155
1042 268676
1043 269230
1044 269482
1045 269882
1046 270405
1047 270929
1048 271309
1049 272357
1050 272586
1051 273636
1052 274076
1053 274425
1054 274803
1055 275349
1056 275585
1057 276146
1058 276579
1059 277109
1060 277434
1061 278494
1062 278813
1063 279875
1064 280155
1065 280551
1066 280933
1067 281524
1068 281846
1069 282914
1070 283296
1071 283624
1072 283983
1073 284667
1074 285062
1075 285529
1076 285979
1077 286518
1078 286830
1079 287427
1080 287641
1081 288289
1082 288830
1083 289282
1084 289735
1085 290162
1086 290561
1087 291647
1088 291978
1089 292374
1090 292764
1091 293854
1092 294105
1093 295197
1094 295744
1095 296150
1096 296548
1097 297644
1098 297973
1099 298558
1100 298849
1101 299400
1102 299790
1103 300892
1104 301155
1105 301589
1106 301978
1107 302385
1108 302848
1109 303956
1110 304244
1111 304862
1112 305266
1113 305671
1114 306228
1115 306805
1116 307073
1117 308189
1118 308584
1119 309144
1120 309397
1121 310050
1122 310354
1123 311476
1124 311946
1125 312298
1126 312861
1127 313356
1128 313651
1129 314779
1130 315183
1131 315592
1132 316065
1133 316691
1134 316973
1135 317561
1136 317938
1137 318507
1138 319076
1139 319730
1140 319971
1141 320577
1142 321148
1143 321627
1144 321932
1145 322525
1146 322946
1147 323690
1148 324043
1149 324618
1150 324971
1151 326121
1152 326373
1153 327525
1154 328102
1155 328410
1156 328811
1157 329453
1158 329879
1159 330549
1160 330859
1161 331284
1162 331688
1163 332850
1164 333200
1165 333804
1166 334219
1167 334803
1168 335192
1169 335812
1170 336066
1171 337236
1172 337726
1173 338155
1174 338742
1175 339254
1176 339513
1177 340162
1178 340576
1179 341069
1180 341430
1181 342610
1182 343044
1183 343587
1184 343956
1185 344395
1186 344988
1187 346174
1188 346431
1189 347176
1190 347494
1191 348090
1192 348522
1193 349714
1194 350153
1195 350772
1196 351139
1197 351511
1198 352110
1199 352769
1200 353013
1201 354213
1202 354814
1203 355416
1204 355786
1205 356410
1206 356770
1207 357459
1208 357897
1209 358334
1210 358712
1211 359353
1212 359716
1213 360928
1214 361535
1215 361909
1216 362259
1217 363475
1218 363801
1219 364526
1220 364899
1221 365357
1222 365790
1223 367012
1224 367284
1225 367738
1226 368351
1227 368965
1228 369478
1229 370706
1230 371021
1231 372251
1232 372554
1233 373070
1234 373687
1235 374159
1236 374528
1237 375764
1238 376383
1239 376837
1240 377162
1241 377866
1242 378197
1243 378881
1244 379401
1245 379864
1246 380299
1247 381069
1248 381350
1249 382598
1250 383007
1251 383532
1252 384055
1253 384720
1254 385052
1255 385702
1256 386158
1257 386787
1258 387247
1259 388505
1260 388745
1261 389447
1262 390078
1263 390710
1264 391129
1265 391606
1266 392071
1267 392743
1268 393273
1269 393735
1270 394188
1271 394995
1272 395323
1273 396059
1274 396446
1275 396849
1276 397230
1277 398506
1278 398889
1279 400167
1280 400488
1281 400957
1282 401598
1283 402880
1284 403265
1285 403931
1286 404574
1287 404986
1288 405322
1289 406610
1290 406938
1291 408228
1292 408634
1293 409281
1294 409928
1295 410453
1296 410742
1297 412038
1298 412498
1299 413148
1300 413488
1301 414788
1302 415133
1303 416435
1304 416909
1305 417312
1306 417965
1307 419271
1308 419661
1309 420188
1310 420656
1311 421148
1312 421548
1313 422279
1314 422674
1315 423355
1316 423761
1317 424420
1318 425079
1319 426397
1320 426654
1321 427974
1322 428635
1323 429045
1324 429598
1325 430172
1326 430524
1327 431850
1328 432288
1329 432953
1330 433303
1331 434047
1332 434377
1333 435210
1334 435696
1335 436189
1336 436673
1337 437383
1338 437875
1339 438616
1340 439024
1341 439586
1342 440062
1343 440827
1344 441107
1345 441804
1346 442477
1347 443151
1348 443714
1349 444492
1350 444784
1351 445501
1352 445909
1353 446407
1354 447084
1355 447785
1356 448188
1357 448996
1358 449474
1359 450042
1360 450374
1361 451734
1362 452234
1363 453071
1364 453479
1365 453846
1366 454529
1367 455895
1368 456194
1369 457159
1370 457650
1371 458336
1372 458758
1373 460130
1374 460635
1375 461146
1376 461565
1377 462029
1378 462518
1379 463249
1380 463546
1381 464926
1382 465617
1383 466309
1384 466810
1385 467527
1386 467838
1387 468635
1388 469215
1389 469910
1390 470406
1391 471172
1392 471505
1393 472243
1394 472746
1395 473168
1396 473751
1397 474525
1398 475039
1399 476437
1400 476748
1401 477449
1402 478150
1403 478979
1404 479289
1405 480017
1406 480535
1407 481046
1408 481424
1409 482832
1410 483187
1411 483988
1412 484578
1413 485169
1414 485664
1415 486396
1416 486761
1417 487540
1418 488249
1419 488766
1420 489197
1421 489817
1422 490243
1423 491665
1424 492135
1425 492576
1426 493082
1427 494508
1428 494818
1429 496246
1430 496633
1431 497162
1432 497681
1433 499113
1434 499640
1435 500207
1436 500807
1437 501526
1438 502245
1439 503683
1440 503954
1441 504753
1442 505257
1443 505793
1444 506293
1445 506916
1446 507447
1447 508893
1448 509417
1449 509879
1450 510328
1451 511778
1452 512129
1453 513581
1454 514308
1455 514846
1456 515220
1457 516123
1458 516539
1459 517997
1460 518441
1461 519172
1462 519692
1463 520271
1464 520649
1465 521408
1466 522141
1467 522755
1468 523368
1469 524175
1470 524492
1471 525962
1472 526379
1473 527116
1474 527637
1475 528272
1476 528629
1477 529412
1478 530151
1479 530685
1480 531073
1481 532553
1482 532942
1483 534424
1484 534881
1485 535280
1486 536023
1487 537509
1488 537864
1489 539352
1490 539884
1491 540428
1492 541051
1493 542543
1494 542990
1495 543554
1496 543949
1497 544698
1498 545224
1499 546722
1500 547039
1501 547899
1502 548650
1503 549279
1504 549738
1505 550329
1506 550882
1507 551719
1508 552191
1509 552946
1510 553484
1511 554994
1512 555291
1513 556147
1514 556904
1515 557465
1516 558098
1517 559107
1518 559519
1519 560191
1520 560571
1521 561107
1522 561868
1523 563390
1524 563848
1525 564505
1526 565040
1527 565804
1528 566358
1529 567203
1530 567538
1531 569068
1532 569708
1