1 1
2 2
3 3
4 3
5 4
6 5
7 6
8 6
9 5
10 6
11 7
12 8
13 9
14 10
15 11
16 10
17 11
18 12
19 13
20 13
21 14
22 15
23 16
24 17
25 15
26 16
27 15
28 15
29 16
30 17
31 18
32 17
33 18
34 19
35 20
36 20
37 21
38 22
39 23
40 24
41 25
42 26
43 27
44 27
45 28
46 29
47 30
48 30
49 26
50 26
51 27
52 27
53 28
54 29
55 30
56 31
57 32
58 33
59 34
60 35
61 36
62 37
63 38
64 36
65 37
66 38
67 39
68 39
69 40
70 41
71 42
72 42
73 43
74 44
75 44
76 44
77 45
78 46
79 47
80 48
81 45
82 46
83 47
84 48
85 49
86 50
87 51
88 51
89 52
90 53
91 54
92 54
93 55
94 56
95 57
96 58
97 59
98 58
99 57
100 55
101 56
102 57
103 58
104 58
105 59
106 60
107 61
108 62
109 63
110 64
111 65
112 66
113 67
114 68
115 69
116 69
117 68
118 69
119 70
120 71
121 66
122 67
123 68
124 68
125 66
126 67
127 68
128 66
129 67
130 68
131 69
132 70
133 71
134 72
135 73
136 73
137 74
138 75
139 76
140 77
141 78
142 79
143 80
144 78
145 79
146 80
147 79
148 79
149 80
150 81
151 82
152 82
153 81
154 82
155 83
156 84
157 85
158 86
159 87
160 88
161 89
162 89
163 90
164 90
165 91
166 92
167 93
168 94
169 87
170 88
171 87
172 87
173 88
174 89
175 89
176 90
177 91
178 92
179 93
180 93
181 94
182 95
183 96
184 96
185 97
186 98
187 99
188 99
189 100
190 101
191 102
192 102
193 103
194 104
195 105
196 103
197 104
198 105
199 106
200 105
201 106
202 107
203 108
204 109
205 110
206 111
207 110
208 111
209 112
210 113
211 114
212 114
213 115
214 116
215 117
216 118
217 119
218 120
219 121
220 122
221 123
222 124
223 125
224 126
225 123
226 124
227 125
228 126
229 127
230 128
231 129
232 129
233 130
234 131
235 132
236 132
237 133
238 134
239 135
240 136
241 137
242 135
243 132
244 132
245 132
246 133
247 134
248 134
249 135
250 135
251 136
252 137
253 138
254 139
255 140
256 136
257 137
258 138
259 139
260 140
261 139
262 140
263 141
264 142
265 143
266 144
267 145
268 145
269 146
270 147
271 148
272 147
273 148
274 149
275 150
276 151
277 152
278 153
279 152
280 153
281 154
282 155
283 156
284 156
285 157
286 158
287 159
288 159
289 150
290 151
291 152
292 152
293 153
294 153
295 154
296 154
297 155
298 156
299 157
300 157
301 158
302 159
303 160
304 159
305 160
306 161
307 162
308 163
309 164
310 165
311 166
312 167
313 168
314 169
315 170
316 170
317 171
318 172
319 173
320 173
321 174
322 175
323 176
324 174
325 174
326 175
327 176
328 176
329 177
330 178
331 179
332 179
333 178
334 179
335 180
336 181
337 182
338 181
339 182
340 183
341 184
342 185
343 181
344 181
345 182
346 183
347 184
348 185
349 186
350 187
351 188
352 189
353 190
354 191
355 192
356 192
357 193
358 194
359 195
360 195
361 184
362 185
363 183
364 184
365 185
366 186
367 187
368 186
369 185
370 186
371 187
372 188
373 189
374 190
375 190
376 190
377 191
378 192
379 193
380 194
381 195
382 196
383 197
384 197
385 198
386 199
387 198
388 198
389 199
390 200
391 201
392 200
393 201
394 202
395 203
396 204
397 205
398 206
399 207
400 204
401 205
402 206
403 207
404 207
405 207
406 208
407 209
408 210
409 211
410 212
411 213
412 213
413 214
414 215
415 216
416 217
417 218
418 219
419 220
420 221
421 222
422 223
423 222
424 222
425 223
426 224
427 225
428 225
429 226
430 227
431 228
432 227
433 228
434 229
435 230
436 230
437 231
438 232
439 233
440 234
441 230
442 231
443 232
444 233
445 234
446 235
447 236
448 236
449 237
450 237
451 238
452 238
453 239
454 240
455 241
456 242
457 243
458 244
459 245
460 245
461 246
462 247
463 248
464 247
465 248
466 249
467 250
468 251
469 252
470 253
471 254
472 254
473 255
474 256
475 257
476 258
477 257
478 258
479 259
480 260
481 261
482 262
483 263
484 258
485 259
486 259
487 260
488 260
489 261
490 261
491 262
492 263
493 264
494 265
495 266
496 265
497 266
498 267
499 268
500 266
501 267
502 268
503 269
504 270
505 271
506 272
507 270
508 270
509 271
510 272
511 273
512 269
513 270
514 271
515 272
516 273
517 274
518 275
519 276
520 277
521 278
522 279
523 280
524 280
525 281
526 282
527 283
528 284
529 270
530 271
531 270
532 271
533 272
534 273
535 274
536 274
537 275
538 276
539 276
540 277
541 278
542 279
543 280
544 280
545 281
546 282
547 283
548 283
549 282
550 283
551 284
552 285
553 286
554 287
555 288
556 288
557 289
558 290
559 291
560 292
561 293
562 294
563 295
564 296
565 297
566 298
567 297
568 297
569 298
570 299
571 300
572 301
573 302
574 303
575 304
576 302
577 303
578 300
579 301
580 301
581 302
582 303
583 304
584 304
585 305
586 306
587 307
588 307
589 308
590 309
591 310
592 309
593 310
594 311
595 312
596 312
597 313
598 314
599 315
600 315
601 316
602 317
603 316
604 316
605 314
606 315
607 316
608 317
609 318
610 319
611 320
612 321
613 322
614 323
615 324
616 325
617 326
618 327
619 328
620 328
621 329
622 330
623 331
624 332
625 324
626 325
627 326
628 326
629 327
630 328
631 329
632 329
633 330
634 331
635 332
636 333
637 333
638 334
639 333
640 333
641 334
642 335
643 336
644 337
645 338
646 339
647 340
648 339
649 340
650 340
651 341
652 341
653 342
654 343
655 344
656 343
657 342
658 343
659 344
660 345
661 346
662 347
663 348
664 348
665 349
666 350
667 351
668 351
669 352
670 353
671 354
672 355
673 356
674 357
675 355
676 350
677 351
678 352
679 353
680 354
681 355
682 356
683 357
684 357
685 358
686 357
687 358
688 357
689 358
690 359
691 360
692 360
693 361
694 362
695 363
696 364
697 365
698 366
699 367
700 368
701 369
702 370
703 371
704 371
705 372
706 373
707 374
708 375
709 376
710 377
711 376
712 376
713 377
714 378
715 379
716 379
717 380
718 381
719 382
720 382
721 383
722 380
723 381
724 381
725 379
726 379
727 380
728 381
729 373
730 374
731 375
732 376
733 377
734 378
735 379
736 380
737 381
738 382
739 383
740 383
741 384
742 385
743 386
744 387
745 388
746 389
747 388
748 389
749 390
750 391
751 392
752 391
753 392
754 393
755 394
756 395
757 396
758 397
759 398
760 399
761 400
762 401
763 402
764 402
765 403
766 404
767 405
768 404
769 405
770 406
771 407
772 407
773 408
774 409
775 407
776 407
777 408
778 409
779 410
780 411
781 412
782 413
783 412
784 409
785 410
786 411
787 412
788 412
789 413
790 414
791 415
792 416
793 417
794 418
795 419
796 419
797 420
798 421
799 422
800 420
801 419
802 420
803 421
804 422
805 423
806 424
807 425
808 425
809 426
810 427
811 428
812 428
813 429
814 430
815 431
816 432
817 433
818 434
819 435
820 435
821 436
822 437
823 438
824 438
825 439
826 440
827 441
828 441
829 442
830 443
831 444
832 445
833 444
834 445
835 446
836 447
837 446
838 447
839 448
840 449
841 435
842 436
843 437
844 437
845 436
846 437
847 435
848 434
849 435
850 436
851 437
852 438
853 439
854 440
855 441
856 441
857 442
858 443
859 444
860 444
861 445
862 446
863 447
864 447
865 448
866 449
867 446
868 446
869 447
870 448
871 449
872 449
873 448
874 449
875 450
876 451
877 452
878 453
879 454
880 455
881 456
882 455
883 456
884 457
885 458
886 459
887 460
888 461
889 462
890 463
891 464
892 464
893 465
894 466
895 467
896 467
897 468
898 469
899 470
900 468
901 469
902 470
903 471
904 471
905 472
906 473
907 474
908 474
909 473
910 474
911 475
912 476
913 477
914 478
915 479
916 479
917 480
918 481
919 482
920 483
921 484
922 485
923 486
924 487
925 485
926 486
927 485
928 486
929 487
930 488
931 488
932 488
933 489
934 490
935 491
936 492
937 493
938 494
939 495
940 495
941 496
942 497
943 498
944 497
945 498
946 499
947 500
948 501
949 502
950 503
951 504
952 505
953 506
954 507
955 508
956 508
957 509
958 510
959 511
960 512
961 496
962 497
963 496
964 496
965 497
966 498
967 499
968 494
969 495
970 496
971 497
972 496
973 497
974 498
975 499
976 498
977 499
978 500
979 501
980 501
981 500
982 501
983 502
984 503
985 504
986 505
987 506
988 507
989 508
990 509
991 510
992 511
993 512
994 513
995 514
996 515
997 516
998 517
999 516
1000 515
1001 516
1002 517
1003 518
1004 518
1005 519
1006 520
1007 521
1008 522
1009 523
1010 524
1011 525
1012 526
1013 527
1014 526
1015 527
1016 527
1017 526
1018 527
1019 528
1020 529
1021 530
1022 531
1023 532
1024 525
1025 523
1026 524
1027 525
1028 525
1029 524
1030 525
1031 526
1032 527
1033 528
1034 529
1035 530
1036 530
1037 531
1038 532
1039 533
1040 534
1041 535
1042 536
1043 537
1044 538
1045 539
1046 540
1047 541
1048 541
1049 542
1050 543
1051 544
1052 544
1053 544
1054 545
1055 546
1056 547
1057 548
1058 543
1059 544
1060 544
1061 545
1062 546
1063 547
1064 548
1065 549
1066 550
1067 551
1068 552
1069 553
1070 554
1071 555
1072 554
1073 555
1074 556
1075 554
1076 554
1077 555
1078 556
1079 557
1080 558
1081 559
1082 560
1083 555
1084 555
1085 556
1086 557
1087 558
1088 558
1089 550
1090 551
1091 552
1092 553
1093 554
1094 555
1095 556
1096 556
1097 557
1098 558
1099 559
1100 560
1101 561
1102 562
1103 563
1104 564
1105 565
1106 566
1107 565
1108 565
1109 566
1110 567
1111 568
1112 568
1113 569
1114 570
1115 571
1116 572
1117 573
1118 574
1119 575
1120 576
1121 577
1122 578
1123 579
1124 579
1125 578
1126 579
1127 579
1128 580
1129 581
1130 582
1131 583
1132 583
1133 584
1134 584
1135 585
1136 584
1137 585
1138 586
1139 587
1140 588
1141 589
1142 590
1143 589
1144 590
1145 591
1146 592
1147 593
1148 593
1149 594
1150 595
1151 596
1152 596
1153 597
1154 598
1155 599
1156 592
1157 593
1158 594
1159 595
1160 596
1161 595
1162 596
1163 597
1164 598
1165 599
1166 600
1167 601
1168 600
1169 601
1170 602
1171 603
1172 603
1173 604
1174 605
1175 603
1176 603
1177 604
1178 605
1179 604
1180 604
1181 605
1182 606
1183 605
1184 604
1185 605
1186 606
1187 607
1188 608
1189 609
1190 610
1191 611
1192 611
1193 612
1194 613
1195 614
1196 615
1197 616
1198 617
1199 618
1200 617
1201 618
1202 619
1203 620
1204 620
1205 621
1206 622
1207 623
1208 623
1209 624
1210 624
1211 625
1212 626
1213 627
1214 628
1215 628
1216 628
1217 629
1218 630
1219 631
1220 631
1221 632
1222 633
1223 634
1224 635
1225 629
1226 630
1227 631
1228 631
1229 632
1230 633
1231 634
1232 635
1233 634
1234 635
1235 636
1236 637
1237 638
1238 639
1239 640
1240 641
1241 642
1242 643
1243 644
1244 644
1245 645
1246 646
1247 647
1248 648
1249 649
1250 646
1251 645
1252 645
1253 646
1254 647
1255 648
1256 648
1257 649
1258 650
1259 651
1260 652
1261 653
1262 654
1263 655
1264 654
1265 655
1266 656
1267 657
1268 657
1269 656
1270 657
1271 658
1272 659
1273 660
1274 661
1275 662
1276 663
1277 664
1278 665
1279 666
1280 666
1281 667
1282 668
1283 669
1284 670
1285 671
1286 672
1287 673
1288 674
1289 675
1290 676
1291 677
1292 678
1293 679
1294 680
1295 681
1296 675
1297 676
1298 677
1299 678
1300 678
1301 679
1302 680
1303 681
1304 681
1305 682
1306 683
1307 684
1308 685
1309 686
1310 687
1311 688
1312 687
1313 688
1314 689
1315 690
1316 690
1317 691
1318 692
1319 693
1320 694
1321 695
1322 696
1323 694
1324 694
1325 692
1326 693
1327 694
1328 693
1329 694
1330 695
1331 690
1332 690
1333 691
1334 692
1335 693
1336 693
1337 694
1338 695
1339 696
1340 696
1341 695
1342 696
1343 697
1344 697
1345 698
1346 699
1347 700
1348 700
1349 701
1350 702
1351 703
1352 698
1353 699
1354 700
1355 701
1356 702
1357 703
1358 704
1359 703
1360 704
1361 705
1362 706
1363 707
1364 708
1365 709
1366 710
1367 711
1368 712
1369 693
1370 694
1371 695
1372 693
1373 694
1374 695
1375 696
1376 695
1377 696
1378 697
1379 698
1380 699
1381 700
1382 701
1383 702
1384 702
1385 703
1386 704
1387 705
1388 705
1389 706
1390 707
1391 708
1392 709
1393 710
1394 711
1395 712
1396 712
1397 713
1398 714
1399 715
1400 716
1401 717
1402 718
1403 719
1404 720
1405 721
1406 722
1407 723
1408 723
1409 724
1410 725
1411 726
1412 726
1413 725
1414 726
1415 727
1416 728
1417 729
1418 730
1419 731
1420 731
1421 731
1422 732
1423 733
1424 732
1425 733
1426 734
1427 735
1428 736
1429 737
1430 738
1431 737
1432 737
1433 738
1434 739
1435 740
1436 740
1437 741
1438 742
1439 743
1440 743
1441 744
1442 745
1443 746
1444 738
1445 735
1446 736
1447 737
1448 737
1449 738
1450 738
1451 739
1452 739
1453 740
1454 741
1455 742
1456 743
1457 744
1458 741
1459 742
1460 742
1461 743
1462 744
1463 745
1464 746
1465 747
1466 748
1467 747
1468 747
1469 748
1470 749
1471 750
1472 750
1473 751
1474 752
1475 750
1476 750
1477 751
1478 752
1479 753
1480 754
1481 755
1482 756
1483 757
1484 757
1485 758
1486 759
1487 760
1488 761
1489 762
1490 763
1491 764
1492 764
1493 765
1494 766
1495 767
1496 768
1497 769
1498 770
1499 771
1500 772
1501 773
1502 774
1503 773
1504 772
1505 773
1506 774
1507 775
1508 776
1509 777
1510 778
1511 779
1512 780
1513 781
1514 782
1515 783
1516 783
1517 784
1518 785
1519 785
1520 786
1521 776
1522 777
1523 778
1524 779
1525 777
1526 778
1527 779
1528 779
1529 780
1530 781
1531 782
1532 782
1533 783
1534 784
1535 785
1536 784
1537 785
1538 786
1539 787
1540 788
1541 789
1542 790
1543 791
1544 791
1545 792
1546 793
1547 794
1548 794
1549 795
1550 795
1551 796
1552 795
1553 796
1554 797
1555 798
1556 798
1557 797
1558 798
1559 799
1560 800
1561 801
1562 802
1563 803
1564 804
1565 805
1566 806
1567 807
1568 805
1569 806
1570 807
1571 808
1572 809
1573 809
1574 810
1575 810
1576 810
1577 811
1578 812
1579 813
1580 813
1581 814
1582 815
1583 816
1584 816
1585 817
1586 818
1587 813
1588 813
1589 814
1590 815
1591 816
1592 816
1593 815
1594 816
1595 817
1596 818
1597 819
1598 820
1599 821
1600 818
1601 819
1602 820
1603 821
1604 821
1605 822
1606 823
1607 824
1608 825
1609 826
1610 827
1611 826
1612 827
1613 828
1614 829
1615 830
1616 829
1617 830
1618 831
1619 832
1620 832
1621 833
1622 834
1623 835
1624 836
1625 837
1626 838
1627 839
1628 840
1629 839
1630 840
1631 841
1632 842
1633 843
1634 844
1635 845
1636 845
1637 846
1638 847
1639 848
1640 849
1641 850
1642 851
1643 852
1644 853
1645 854
1646 855
1647 854
1648 853
1649 854
1650 855
1651 856
1652 856
1653 857
1654 858
1655 859
1656 860
1657 861
1658 862
1659 863
1660 863
1661 864
1662 865
1663 866
1664 867
1665 868
1666 868
1667 869
1668 870
1669 871
1670 872
1671 873
1672 874
1673 875
1674 876
1675 874
1676 874
1677 875
1678 876
1679 877
1680 878
1681 855
1682 849
1683 850
1684 850
1685 851
1686 852
1687 853
1688 853
1689 854
1690 855
1691 856
1692 856
1693 857
1694 857
1695 858
1696 857
1697 858
1698 859
1699 860
1700 861
1701 861
1702 862
1703 863
1704 864
1705 865
1706 866
1707 867
1708 867
1709 868
1710 869
1711 870
1712 869
1713 870
1714 871
1715 871
1716 872
1717 873
1718 874
1719 873
1720 874
1721 875
1722 876
1723 877
1724 877
1725 878
1726 879
1727 880
1728 879
1729 880
1730 881
1731 882
1732 882
1733 883
1734 883
1735 884
1736 885
1737 884
1738 885
1739 886
1740 887
1741 888
1742 889
1743 890
1744 889
1745 890
1746 891
1747 892
1748 893
1749 894
1750 895
1751 896
1752 897
1753 898
1754 899
1755 900
1756 900
1757 901
1758 902
1759 903
1760 904
1761 905
1762 906
1763 907
1764 903
1765 904
1766 905
1767 906
1768 907
1769 908
1770 909
1771 910
1772 910
1773 909
1774 910
1775 908
1776 909
1777 910
1778 911
1779 912
1780 912
1781 913
1782 914
1783 915
1784 915
1785 916
1786 917
1787 918
1788 919
1789 920
1790 921
1791 920
1792 920
1793 921
1794 922
1795 923
1796 923
1797 924
1798 925
1799 926
1800 924
1801 925
1802 926
1803 927
1804 928
1805 924
1806 925
1807 926
1808 925
1809 924
1810 925
1811 926
1812 927
1813 928
1814 929
1815 928
1816 928
1817 929
1818 930
1819 931
1820 932
1821 933
1822 934
1823 935
1824 936
1825 934
1826 935
1827 936
1828 936
1829 937
1830 938
1831 939
1832 939
1833 940
1834 941
1835 942
1836 943
1837 944
1838 945
1839 946
1840 947
1841 948
1842 949
1843 950
1844 950
1845 951
1846 952
1847 953
1848 954
1849 929
1850 930
1851 931
1852 931
1853 932
1854 933
1855 934
1856 935
1857 936
1858 937
1859 936
1860 937
1861 938
1862 939
1863 940
1864 940
1865 941
1866 942
1867 943
1868 943
1869 944
1870 945
1871 946
1872 947
1873 948
1874 949
1875 946
1876 946
1877 947
1878 948
1879 949
1880 950
1881 951
1882 952
1883 953
1884 954
1885 955
1886 956
1887 957
1888 956
1889 957
1890 958
1891 959
1892 960
1893 961
1894 962
1895 963
1896 964
1897 965
1898 966
1899 965
1900 966
1901 967
1902 968
1903 969
1904 970
1905 971
1906 972
1907 973
1908 973
1909 974
1910 975
1911 976
1912 976
1913 977
1914 978
1915 979
1916 979
1917 978
1918 979
1919 980
1920 981
1921 982
1922 974
1923 975
1924 976
1925 977
1926 978
1927 979
1928 979
1929 980
1930 981
1931 982
1932 983
1933 984
1934 985
1935 986
1936 979
1937 980
1938 981
1939 982
1940 982
1941 983
1942 984
1943 985
1944 984
1945 985
1946 986
1947 987
1948 987
1949 988
1950 989
1951 990
1952 989
1953 990
1954 991
1955 992
1956 993
1957 994
1958 995
1959 996
1960 996
1961 997
1962 998
1963 999
1964 999
1965 1000
1966 1001
1967 1002
1968 1003
1969 1004
1970 1005
1971 1004
1972 1005
1973 1006
1974 1007
1975 1005
1976 1006
1977 1007
1978 1008
1979 1009
1980 1010
1981 1011
1982 1012
1983 1013
1984 1014
1985 1015
1986 1016
1987 1017
1988 1017
1989 1018
1990 1019
1991 1020
1992 1021
1993 1022
1994 1023
1995 1024
1996 1024
1997 1025
1998 1026
1999 1027
2000 1025
2001 1026
2002 1027
2003 1028
2004 1029
2005 1030
2006 1031
2007 1030
2008 1030
2009 1031
2010 1032
2011 1033
2012 1033
2013 1034
2014 1035
2015 1036
2016 1037
2017 1038
2018 1039
2019 1040
2020 1040
2021 1041
2022 1042
2023 1037
2024 1038
2025 1030
2026 1031
2027 1032
2028 1030
2029 1031
2030 1032
2031 1033
2032 1032
2033 1033
2034 1034
2035 1035
2036 1035
2037 1036
2038 1037
2039 1038
2040 1039
2041 1040
2042 1041
2043 1040
2044 1040
2045 1041
2046 1042
2047 1043
2048 1036
2049 1037
2050 1038
2051 1039
2052 1040
2053 1041
2054 1042
2055 1043
2056 1043
2057 1042
2058 1042
2059 1043
2060 1043
2061 1042
2062 1043
2063 1044
2064 1045
2065 1046
2066 1047
2067 1048
2068 1048
2069 1049
2070 1050
2071 1051
2072 1052
2073 1053
2074 1054
2075 1052
2076 1053
2077 1054
2078 1055
2079 1056
2080 1057
2081 1058
2082 1059
2083 1060
2084 1060
2085 1061
2086 1062
2087 1063
2088 1064
2089 1065
2090 1066
2091 1067
2092 1067
2093 1068
2094 1069
2095 1070
2096 1069
2097 1068
2098 1069
2099 1070
2100 1071
2101 1072
2102 1073
2103 1074
2104 1074
2105 1075
2106 1076
2107 1077
2108 1078
2109 1079
2110 1080
2111 1081
2112 1082
2113 1083
2114 1084
2115 1085
2116 1075
2117 1076
2118 1077
2119 1078
2120 1079
2121 1080
2122 1081
2123 1082
2124 1082
2125 1083
2126 1084
2127 1085
2128 1086
2129 1087
2130 1088
2131 1089
2132 1090
2133 1089
2134 1090
2135 1091
2136 1092
2137 1093
2138 1094
2139 1095
2140 1095
2141 1096
2142 1097
2143 1098
2144 1097
2145 1098
2146 1099
2147 1100
2148 1101
2149 1102
2150 1103
2151 1102
2152 1102
2153 1103
2154 1104
2155 1105
2156 1104
2157 1105
2158 1106
2159 1107
2160 1108
2161 1109
2162 1110
2163 1111
2164 1111
2165 1112
2166 1110
2167 1111
2168 1111
2169 1110
2170 1111
2171 1112
2172 1113
2173 1114
2174 1115
2175 1116
2176 1117
2177 1118
2178 1115
2179 1116
2180 1116
2181 1117
2182 1118
2183 1119
2184 1120
2185 1121
2186 1122
2187 1114
2188 1114
2189 1115
2190 1116
2191 1117
2192 1116
2193 1117
2194 1118
2195 1119
2196 1119
2197 1112
2198 1113
2199 1114
2200 1115
2201 1116
2202 1117
2203 1118
2204 1119
2205 1118
2206 1119
2207 1120
2208 1121
2209 1093
2210 1094
2211 1095
2212 1095
2213 1096
2214 1097
2215 1098
2216 1098
2217 1099
2218 1100
2219 1101
2220 1102
2221 1103
2222 1104
2223 1105
2224 1104
2225 1102
2226 1103
2227 1104
2228 1104
2229 1105
2230 1106
2231 1107
2232 1108
2233 1109
2234 1110
2235 1111
2236 1112
2237 1113
2238 1114
2239 1115
2240 1115
2241 1114
2242 1115
2243 1116
2244 1117
2245 1118
2246 1119
2247 1120
2248 1120
2249 1121
2250 1122
2251 1123
2252 1123
2253 1124
2254 1125
2255 1126
2256 1127
2257 1128
2258 1129
2259 1128
2260 1128
2261 1129
2262 1130
2263 1131
2264 1131
2265 1132
2266 1133
2267 1134
2268 1133
2269 1134
2270 1135
2271 1136
2272 1135
2273 1136
2274 1137
2275 1138
2276 1138
2277 1139
2278 1140
2279 1141
2280 1142
2281 1143
2282 1144
2283 1145
2284 1145
2285 1146
2286 1147
2287 1148
2288 1149
2289 1150
2290 1151
2291 1152
2292 1153
2293 1154
2294 1155
2295 1156
2296 1157
2297 1158
2298 1159
2299 1157
2300 1158
2301 1159
2302 1160
2303 1161
2304 1156
2305 1157
2306 1158
2307 1159
2308 1159
2309 1160
2310 1161
2311 1162
2312 1156
2313 1155
2314 1156
2315 1157
2316 1158
2317 1159
2318 1160
2319 1161
2320 1162
2321 1163
2322 1164
2323 1165
2324 1165
2325 1166
2326 1167
2327 1168
2328 1169
2329 1170
2330 1171
2331 1172
2332 1172
2333 1173
2334 1174
2335 1175
2336 1174
2337 1175
2338 1176
2339 1177
2340 1178
2341 1179
2342 1180
2343 1181
2344 1181
2345 1182
2346 1183
2347 1184
2348 1184
2349 1183
2350 1184
2351 1185
2352 1184
2353 1185
2354 1186
2355 1187
2356 1188
2357 1189
2358 1190
2359 1191
2360 1192
2361 1193
2362 1194
2363 1195
2364 1196
2365 1197
2366 1198
2367 1197
2368 1197
2369 1198
2370 1199
2371 1200
2372 1200
2373 1201
2374 1202
2375 1203
2376 1204
2377 1205
2378 1206
2379 1207
2380 1208
2381 1209
2382 1210
2383 1211
2384 1210
2385 1211
2386 1212
2387 1213
2388 1214
2389 1215
2390 1216
2391 1217
2392 1218
2393 1219
2394 1220
2395 1221
2396 1221
2397 1222
2398 1223
2399 1224
2400 1224
2401 1205
2402 1206
2403 1205
2404 1205
2405 1206
2406 1207
2407 1208
2408 1209
2409 1210
2410 1211
2411 1212
2412 1212
2413 1213
2414 1214
2415 1215
2416 1214
2417 1215
2418 1216
2419 1217
2420 1216
2421 1215
2422 1216
2423 1217
2424 1218
2425 1216
2426 1217
2427 1218
2428 1218
2429 1219
2430 1220
2431 1221
2432 1221
2433 1222
2434 1223
2435 1224
2436 1225
2437 1226
2438 1227
2439 1226
2440 1227
2441 1228
2442 1229
2443 1230
2444 1231
2445 1232
2446 1233
2447 1234
2448 1235
2449 1236
2450 1232
2451 1233
2452 1233
2453 1234
2454 1235
2455 1236
2456 1236
2457 1237
2458 1238
2459 1239
2460 1240
2461 1241
2462 1242
2463 1243
2464 1244
2465 1245
2466 1246
2467 1247
2468 1247
2469 1248
2470 1249
2471 1250
2472 1251
2473 1252
2474 1253
2475 1252
2476 1252
2477 1253
2478 1254
2479 1255
2480 1256
2481 1257
2482 1258
2483 1259
2484 1260
2485 1261
2486 1262
2487 1263
2488 1263
2489 1264
2490 1265
2491 1266
2492 1266
2493 1265
2494 1266
2495 1267
2496 1268
2497 1269
2498 1270
2499 1271
2500 1262
2501 1263
2502 1264
2503 1265
2504 1265
2505 1266
2506 1267
2507 1268
2508 1269
2509 1270
2510 1271
2511 1270
2512 1269
2513 1270
2514 1271
2515 1272
2516 1273
2517 1274
2518 1275
2519 1276
2520 1277
2521 1278
2522 1279
2523 1273
2524 1273
2525 1271
2526 1272
2527 1270
2528 1269
2529 1268
2530 1269
2531 1270
2532 1271
2533 1272
2534 1273
2535 1273
2536 1273
2537 1274
2538 1275
2539 1276
2540 1276
2541 1276
2542 1277
2543 1278
2544 1278
2545 1279
2546 1280
2547 1279
2548 1279
2549 1280
2550 1281
2551 1282
2552 1283
2553 1284
2554 1285
2555 1286
2556 1286
2557 1287
2558 1288
2559 1289
2560 1289
2561 1290
2562 1291
2563 1292
2564 1292
2565 1293
2566 1294
2567 1295
2568 1296
2569 1297
2570 1298
2571 1299
2572 1299
2573 1300
2574 1301
2575 1299
2576 1300
2577 1301
2578 1302
2579 1303
2580 1304
2581 1305
2582 1306
2583 1307
2584 1308
2585 1309
2586 1310
2587 1311
2588 1311
2589 1312
2590 1313
2591 1314
2592 1311
2593 1312
2594 1313
2595 1314
2596 1314
2597 1310
2598 1311
2599 1312
2600 1313
2601 1302
2602 1303
2603 1304
2604 1305
2605 1306
2606 1307
2607 1308
2608 1307
2609 1308
2610 1309
2611 1310
2612 1310
2613 1311
2614 1312
2615 1313
2616 1314
2617 1315
2618 1316
2619 1315
2620 1315
2621 1316
2622 1317
2623 1318
2624 1318
2625 1319
2626 1320
2627 1321
2628 1321
2629 1322
2630 1323
2631 1324
2632 1325
2633 1326
2634 1327
2635 1328
2636 1328
2637 1327
2638 1328
2639 1329
2640 1330
2641 1331
2642 1332
2643 1333
2644 1333
2645 1328
2646 1329
2647 1330
2648 1330
2649 1331
2650 1331
2651 1332
2652 1333
2653 1334
2654 1335
2655 1336
2656 1335
2657 1336
2658 1337
2659 1338
2660 1339
2661 1340
2662 1338
2663 1339
2664 1339
2665 1340
2666 1341
2667 1342
2668 1343
2669 1344
2670 1345
2671 1346
2672 1345
2673 1346
2674 1347
2675 1345
2676 1346
2677 1347
2678 1348
2679 1349
2680 1350
2681 1351
2682 1352
2683 1353
2684 1353
2685 1354
2686 1355
2687 1356
2688 1357
2689 1358
2690 1359
2691 1360
2692 1360
2693 1361
2694 1362
2695 1362
2696 1362
2697 1363
2698 1364
2699 1365
2700 1364
2701 1365
2702 1366
2703 1367
2704 1357
2705 1358
2706 1359
2707 1360
2708 1360
2709 1361
2710 1362
2711 1363
2712 1364
2713 1365
2714 1366
2715 1367
2716 1367
2717 1368
2718 1369
2719 1370
2720 1371
2721 1372
2722 1373
2723 1374
2724 1375
2725 1373
2726 1374
2727 1373
2728 1374
2729 1375
2730 1376
2731 1377
2732 1377
2733 1378
2734 1379
2735 1380
2736 1380
2737 1381
2738 1374
2739 1375
2740 1375
2741 1376
2742 1377
2743 1378
2744 1379
2745 1380
2746 1381
2747 1382
2748 1383
2749 1384
2750 1385
2751 1386
2752 1386
2753 1387
2754 1388
2755 1389
2756 1389
2757 1390
2758 1391
2759 1392
2760 1393
2761 1394
2762 1395
2763 1394
2764 1394
2765 1395
2766 1396
2767 1397
2768 1396
2769 1397
2770 1398
2771 1399
2772 1400
2773 1401
2774 1402
2775 1403
2776 1403
2777 1404
2778 1405
2779 1406
2780 1406
2781 1405
2782 1406
2783 1405
2784 1406
2785 1407
2786 1408
2787 1409
2788 1410
2789 1411
2790 1412
2791 1413
2792 1413
2793 1414
2794 1415
2795 1416
2796 1417
2797 1418
2798 1419
2799 1418
2800 1418
2801 1419
2802 1420
2803 1421
2804 1421
2805 1422
2806 1423
2807 1424
2808 1425
2809 1399
2810 1400
2811 1401
2812 1402
2813 1403
2814 1404
2815 1405
2816 1404
2817 1403
2818 1404
2819 1405
2820 1406
2821 1407
2822 1408
2823 1409
2824 1409
2825 1407
2826 1408
2827 1409
2828 1409
2829 1410
2830 1411
2831 1412
2832 1412
2833 1413
2834 1414
2835 1415
2836 1415
2837 1416
2838 1417
2839 1418
2840 1419
2841 1420
2842 1421
2843 1422
2844 1422
2845 1423
2846 1424
2847 1425
2848 1424
2849 1425
2850 1426
2851 1427
2852 1428
2853 1427
2854 1428
2855 1429
2856 1430
2857 1431
2858 1432
2859 1433
2860 1434
2861 1435
2862 1436
2863 1437
2864 1436
2865 1437
2866 1438
2867 1439
2868 1440
2869 1441
2870 1442
2871 1443
2872 1443
2873 1442
2874 1443
2875 1444
2876 1444
2877 1445
2878 1446
2879 1447
2880 1447
2881 1448
2882 1449
2883 1442
2884 1442
2885 1443
2886 1444
2887 1445
2888 1439
2889 1438
2890 1438
2891 1434
2892 1435
2893 1436
2894 1437
2895 1438
2896 1437
2897 1438
2898 1439
2899 1440
2900 1440
2901 1441
2902 1442
2903 1443
2904 1443
2905 1444
2906 1445
2907 1446
2908 1446
2909 1447
2910 1448
2911 1449
2912 1450
2913 1451
2914 1452
2915 1453
2916 1444
2917 1445
2918 1446
2919 1447
2920 1448
2921 1449
2922 1450
2923 1451
2924 1452
2925 1451
2926 1452
2927 1453
2928 1453
2929 1454
2930 1455
2931 1456
2932 1456
2933 1457
2934 1458
2935 1459
2936 1459
2937 1460
2938 1461
2939 1462
2940 1463
2941 1464
2942 1465
2943 1464
2944 1464
2945 1465
2946 1466
2947 1467
2948 1467
2949 1468
2950 1468
2951 1469
2952 1469
2953 1470
2954 1471
2955 1472
2956 1472
2957 1473
2958 1474
2959 1475
2960 1476
2961 1477
2962 1478
2963 1479
2964 1480
2965 1481
2966 1482
2967 1483
2968 1484
2969 1485
2970 1486
2971 1487
2972 1487
2973 1488
2974 1489
2975 1490
2976 1491
2977 1492
2978 1493
2979 1492
2980 1492
2981 1493
2982 1494
2983 1495
2984 1495
2985 1496
2986 1497
2987 1498
2988 1498
2989 1494
2990 1495
2991 1496
2992 1497
2993 1498
2994 1499
2995 1500
2996 1500
2997 1500
2998 1501
2999 1502
3000 1503
