1 1
2 2
3 2
4 4
5 4
6 6
7 6
8 6
9 6
10 6
11 6
12 12
13 12
14 12
15 12
16 12
17 12
18 36
19 36
20 60
21 60
22 60
23 60
24 24
25 24
26 24
27 24
28 24
29 24
30 60
31 60
32 60
33 60
34 60
35 60
36 60
37 60
38 60
39 60
40 120
41 120
42 120
43 120
44 120
45 120
46 120
47 120
48 120
49 120
50 120
51 120
52 120
53 120
54 120
55 120
56 120
57 120
58 120
59 120
60 120
61 120
62 120
63 120
64 120
65 120
66 120
67 120
68 120
69 120
70 120
71 120
72 360
73 360
74 360
75 360
76 360
77 360
78 360
79 360
80 240
81 240
82 240
83 240
84 240
85 240
86 240
87 240
88 240
89 240
90 360
91 360
92 360
93 360
94 360
95 360
96 360
97 360
98 360
99 360
100 360
