1 1
2 2
3 6
4 4
5 4
6 12
7 12
8 24
9 24
10 40
11 40
12 24
13 24
14 24
15 60
16 60
17 60
18 36
19 36
20 60
21 60
22 60
23 60
24 120
25 120
26 120
27 120
28 168
29 168
30 120
31 120
32 120
33 120
34 120
35 120
36 180
37 180
38 180
39 180
40 120
41 120
42 120
43 120
44 120
45 360
46 360
47 360
48 360
49 360
50 360
51 360
52 360
53 360
54 360
55 360
56 360
57 360
58 360
59 360
60 360
61 360
62 360
63 360
64 360
65 360
66 360
67 360
68 360
69 360
70 840
71 840
72 360
73 360
74 360
75 360
76 360
77 360
78 360
79 360
80 720
81 720
82 720
83 720
84 840
85 840
86 840
87 840
88 840
89 840
90 720
91 720
92 720
93 720
94 720
95 720
96 720
97 720
98 720
99 720
100 720
101 720
102 720
103 720
104 720
105 1260
106 1260
107 1260
108 1260
109 1260
110 1260
111 1260
112 1680
113 1680
114 1680
115 1680
116 1680
117 1680
118 1680
119 1680
120 1680
121 1680
122 1680
123 1680
124 1680
125 1680
126 2520
127 2520
128 2520
129 2520
130 2520
131 2520
132 2520
133 2520
134 2520
135 2520
136 2520
137 2520
138 2520
139 2520
140 2520
141 2520
142 2520
143 2520
144 2520
145 2520
146 2520
147 2520
148 2520
149 2520
150 2520
151 2520
152 2520
153 2520
154 2520
155 2520
156 2520
157 2520
158 2520
159 2520
160 2520
161 2520
162 2520
163 2520
164 2520
165 2520
166 2520
167 2520
168 2520
169 2520
170 2520
171 2520
172 2520
173 2520
174 2520
175 2520
176 2520
177 2520
178 2520
179 2520
180 2520
181 2520
182 2520
183 2520
184 2520
185 2520
186 2520
187 2520
188 2520
189 2520
190 2520
191 2520
192 2520
193 2520
194 2520
195 2520
196 2520
197 2520
198 2520
199 2520
200 2520
201 2520
202 2520
203 2520
204 2520
205 2520
206 2520
207 2520
208 2520
209 2520
210 2520
211 2520
212 2520
213 2520
214 2520
215 2520
216 2520
217 2520
218 2520
219 2520
220 2520
221 2520
222 2520
223 2520
224 2520
225 2520
226 2520
227 2520
228 2520
229 2520
230 2520
231 2520
232 2520
233 2520
234 2520
235 2520
236 2520
237 2520
238 2520
239 2520
240 5040
241 5040
242 5040
243 5040
244 5040
245 5040
246 5040
247 5040
248 5040
249 5040
250 5040
251 5040
252 5040
253 5040
254 5040
255 5040
256 5040
257 5040
258 5040
259 5040
260 5040
261 5040
262 5040
263 5040
264 5040
265 5040
266 5040
267 5040
268 5040
269 5040
270 5040
271 5040
272 5040
273 5040
274 5040
275 5040
276 5040
277 5040
278 5040
279 5040
280 5040
281 5040
282 5040
283 5040
284 5040
285 5040
286 5040
287 5040
288 5040
289 5040
290 5040
291 5040
292 5040
293 5040
294 5040
295 5040
296 5040
297 5040
298 5040
299 5040
300 5040
301 5040
302 5040
303 5040
304 5040
305 5040
306 5040
307 5040
308 5040
309 5040
310 5040
311 5040
312 5040
313 5040
314 5040
315 5040
316 5040
317 5040
318 5040
319 5040
320 5040
321 5040
322 5040
323 5040
324 5040
325 5040
326 5040
327 5040
328 5040
329 5040
330 5040
331 5040
332 5040
333 5040
334 5040
335 5040
336 5040
337 5040
338 5040
339 5040
340 5040
341 5040
342 5040
343 5040
344 5040
345 5040
346 5040
347 5040
348 5040
349 5040
350 5040
351 5040
352 5040
353 5040
354 5040
355 5040
356 5040
357 5040
358 5040
359 5040
360 5040
361 5040
362 5040
363 5040
364 5040
365 5040
366 5040
367 5040
368 5040
369 5040
370 5040
371 5040
372 5040
373 5040
374 5040
375 5040
376 5040
377 5040
378 5040
379 5040
380 5040
381 5040
382 5040
383 5040
384 5040
385 5040
386 5040
387 5040
388 5040
389 5040
390 5040
391 5040
392 5040
393 5040
394 5040
395 5040
396 5040
397 5040
398 5040
399 5040
400 5040
401 5040
402 5040
403 5040
404 5040
405 5040
406 5040
407 5040
408 5040
409 5040
410 5040
411 5040
412 5040
413 5040
414 5040
415 5040
416 5040
417 5040
418 5040
419 5040
420 5040
421 5040
422 5040
423 5040
424 5040
425 5040
426 5040
427 5040
428 5040
429 5040
430 5040
431 5040
432 5040
433 5040
434 5040
435 5040
436 5040
437 5040
438 5040
439 5040
440 5040
441 5040
442 5040
443 5040
444 5040
445 5040
446 5040
447 5040
448 5040
449 5040
450 5040
451 5040
452 5040
453 5040
454 5040
455 5040
456 5040
457 5040
458 5040
459 5040
460 5040
461 5040
462 5040
463 5040
464 5040
465 5040
466 5040
467 5040
468 5040
469 5040
470 5040
471 5040
472 5040
473 5040
474 5040
475 5040
476 5040
477 5040
478 5040
479 5040
480 10080
481 10080
482 10080
483 10080
484 10080
485 10080
486 10080
487 10080
488 10080
489 10080
490 10080
491 10080
492 10080
493 10080
494 10080
495 10080
496 10080
497 10080
498 10080
499 10080
500 10080
501 10080
502 10080
503 10080
504 10080
505 10080
506 10080
507 10080
508 10080
509 10080
510 10080
511 10080
512 10080
513 10080
514 10080
515 10080
516 10080
517 10080
518 10080
519 10080
520 10080
521 10080
522 10080
523 10080
524 10080
525 10080
526 10080
527 10080
528 10080
529 10080
530 10080
531 10080
532 10080
533 10080
534 10080
535 10080
536 10080
537 10080
538 10080
539 10080
540 15120
541 15120
542 15120
543 15120
544 15120
545 15120
546 15120
547 15120
548 15120
549 15120
550 15120
551 15120
552 15120
553 15120
554 15120
555 15120
556 15120
557 15120
558 15120
559 15120
560 15120
561 15120
562 15120
563 15120
564 15120
565 15120
566 15120
567 15120
568 15120
569 15120
570 15120
571 15120
572 15120
573 15120
574 15120
575 15120
576 15120
577 15120
578 15120
579 15120
580 15120
581 15120
582 15120
583 15120
584 15120
585 15120
586 15120
587 15120
588 15120
589 15120
590 15120
591 15120
592 15120
593 15120
594 15120
595 15120
596 15120
597 15120
598 15120
599 15120
600 15120
601 15120
602 15120
603 15120
604 15120
605 15120
606 15120
607 15120
608 15120
609 15120
610 15120
611 15120
612 15120
613 15120
614 15120
615 15120
616 15120
617 15120
618 15120
619 15120
620 15120
621 15120
622 15120
623 15120
624 15120
625 15120
626 15120
627 15120
628 15120
629 15120
630 15120
631 15120
632 15120
633 15120
634 15120
635 15120
636 15120
637 15120
638 15120
639 15120
640 15120
641 15120
642 15120
643 15120
644 15120
645 15120
646 15120
647 15120
648 15120
649 15120
650 15120
651 15120
652 15120
653 15120
654 15120
655 15120
656 15120
657 15120
658 15120
659 15120
660 27720
661 27720
662 27720
663 27720
664 27720
665 27720
666 27720
667 27720
668 27720
669 27720
670 27720
671 27720
672 10080
673 10080
674 10080
675 10080
676 10080
677 10080
678 10080
679 10080
680 10080
681 10080
682 10080
683 10080
684 10080
685 10080
686 10080
687 10080
688 10080
689 10080
690 10080
691 10080
692 10080
693 27720
694 27720
695 27720
696 27720
697 27720
698 27720
699 27720
700 27720
701 27720
702 27720
703 27720
704 27720
705 27720
706 27720
707 27720
708 27720
709 27720
710 27720
711 27720
712 27720
713 27720
714 27720
715 27720
716 27720
717 27720
718 27720
719 27720
720 10080
721 10080
722 10080
723 10080
724 10080
725 10080
726 10080
727 10080
728 10080
729 10080
730 10080
731 10080
732 10080
733 10080
734 10080
735 10080
736 10080
737 10080
738 10080
739 10080
740 10080
741 10080
742 10080
743 10080
744 10080
745 10080
746 10080
747 10080
748 10080
749 10080
750 10080
751 10080
752 10080
753 10080
754 10080
755 10080
756 15120
757 15120
758 15120
759 15120
760 15120
761 15120
762 15120
763 15120
764 15120
765 15120
766 15120
767 15120
768 15120
769 15120
770 27720
771 27720
772 27720
773 27720
774 27720
775 27720
776 27720
777 27720
778 27720
779 27720
780 27720
781 27720
782 27720
783 27720
784 27720
785 27720
786 27720
787 27720
788 27720
789 27720
790 27720
791 27720
792 27720
793 27720
794 27720
795 27720
796 27720
797 27720
798 27720
799 27720
800 27720
801 27720
802 27720
803 27720
804 27720
805 27720
806 27720
807 27720
808 27720
809 27720
810 27720
811 27720
812 27720
813 27720
814 27720
815 27720
816 27720
817 27720
818 27720
819 27720
820 27720
821 27720
822 27720
823 27720
824 27720
825 27720
826 27720
827 27720
828 27720
829 27720
830 27720
831 27720
832 27720
833 27720
834 27720
835 27720
836 27720
837 27720
838 27720
839 27720
840 27720
841 27720
842 27720
843 27720
844 27720
845 27720
846 27720
847 27720
848 27720
849 27720
850 27720
851 27720
852 27720
853 27720
854 27720
855 27720
856 27720
857 27720
858 27720
859 27720
860 27720
861 27720
862 27720
863 27720
864 27720
865 27720
866 27720
867 27720
868 27720
869 27720
870 27720
871 27720
872 27720
873 27720
874 27720
875 27720
876 27720
877 27720
878 27720
879 27720
880 55440
881 55440
882 55440
883 55440
884 55440
885 55440
886 55440
887 55440
888 55440
889 55440
890 55440
891 55440
892 55440
893 55440
894 55440
895 55440
896 55440
897 55440
898 55440
899 55440
900 55440
901 55440
902 55440
903 55440
904 55440
905 55440
906 55440
907 55440
908 55440
909 55440
910 55440
911 55440
912 55440
913 55440
914 55440
915 55440
916 55440
917 55440
918 55440
919 55440
920 55440
921 55440
922 55440
923 55440
924 55440
925 55440
926 55440
927 55440
928 55440
929 55440
930 55440
931 55440
932 55440
933 55440
934 55440
935 55440
936 55440
937 55440
938 55440
939 55440
940 55440
941 55440
942 55440
943 55440
944 55440
945 55440
946 55440
947 55440
948 55440
949 55440
950 55440
951 55440
952 55440
953 55440
954 55440
955 55440
956 55440
957 55440
958 55440
959 55440
960 55440
961 55440
962 55440
963 55440
964 55440
965 55440
966 55440
967 55440
968 55440
969 55440
970 55440
971 55440
972 55440
973 55440
974 55440
975 55440
976 55440
977 55440
978 55440
979 55440
980 55440
981 55440
982 55440
983 55440
984 55440
985 55440
986 55440
987 55440
988 55440
989 55440
990 55440
991 55440
992 55440
993 55440
994 55440
995 55440
996 55440
997 55440
998 55440
999 55440
1000 55440
1001 55440
1002 55440
1003 55440
1004 55440
1005 55440
1006 55440
1007 55440
1008 55440
1009 55440
1010 55440
1011 55440
1012 55440
1013 55440
1014 55440
1015 55440
1016 55440
1017 55440
1018 55440
1019 55440
1020 55440
1021 55440
1022 55440
1023 55440
1024 55440
1025 55440
1026 55440
1027 55440
1028 55440
1029 55440
1030 55440
1031 55440
1032 55440
1033 55440
1034 55440
1035 55440
1036 55440
1037 55440
1038 55440
1039 55440
1040 55440
1041 55440
1042 55440
1043 55440
1044 55440
1045 55440
1046 55440
1047 55440
1048 55440
1049 55440
1050 55440
1051 55440
1052 55440
1053 55440
1054 55440
1055 55440
1056 55440
1057 55440
1058 55440
1059 55440
1060 55440
1061 55440
1062 55440
1063 55440
1064 55440
1065 55440
1066 55440
1067 55440
1068 55440
1069 55440
1070 55440
1071 55440
1072 55440
1073 55440
1074 55440
1075 55440
1076 55440
1077 55440
1078 55440
1079 55440
1080 55440
1081 55440
1082 55440
1083 55440
1084 55440
1085 55440
1086 55440
1087 55440
1088 55440
1089 55440
1090 55440
1091 55440
1092 55440
1093 55440
1094 55440
1095 55440
1096 55440
1097 55440
1098 55440
1099 55440
1100 55440
1101 55440
1102 55440
1103 55440
1104 55440
1105 55440
1106 55440
1107 55440
1108 55440
1109 55440
1110 55440
1111 55440
1112 55440
1113 55440
1114 55440
1115 55440
1116 55440
1117 55440
1118 55440
1119 55440
1120 55440
1121 55440
1122 55440
1123 55440
1124 55440
1125 55440
1126 55440
1127 55440
1128 55440
1129 55440
1130 55440
1131 55440
1132 55440
1133 55440
1134 55440
1135 55440
1136 55440
1137 55440
1138 55440
1139 55440
1140 55440
1141 55440
1142 55440
1143 55440
1144 55440
1145 55440
1146 55440
1147 55440
1148 55440
1149 55440
1150 55440
1151 55440
1152 55440
1153 55440
1154 55440
1155 55440
1156 55440
1157 55440
1158 55440
1159 55440
1160 55440
1161 55440
1162 55440
1163 55440
1164 55440
1165 55440
1166 55440
1167 55440
1168 55440
1169 55440
1170 55440
1171 55440
1172 55440
1173 55440
1174 55440
1175 55440
1176 55440
1177 55440
1178 55440
1179 55440
1180 55440
1181 55440
1182 55440
1183 55440
1184 55440
1185 55440
1186 55440
1187 55440
1188 55440
1189 55440
1190 55440
1191 55440
1192 55440
1193 55440
1194 55440
1195 55440
1196 55440
1197 55440
1198 55440
1199 55440
1200 55440
1201 55440
1202 55440
1203 55440
1204 55440
1205 55440
1206 55440
1207 55440
1208 55440
1209 55440
1210 55440
1211 55440
1212 55440
1213 55440
1214 55440
1215 55440
1216 55440
1217 55440
1218 55440
1219 55440
1220 55440
1221 55440
1222 55440
1223 55440
1224 55440
1225 55440
1226 55440
1227 55440
1228 55440
1229 55440
1230 55440
1231 55440
1232 55440
1233 55440
1234 55440
1235 55440
1236 55440
1237 55440
1238 55440
1239 55440
1240 55440
1241 55440
1242 55440
1243 55440
1244 55440
1245 55440
1246 55440
1247 55440
1248 55440
1249 55440
1250 55440
1251 55440
1252 55440
1253 55440
1254 55440
1255 55440
1256 55440
1257 55440
1258 55440
1259 55440
1260 55440
1261 55440
1262 55440
1263 55440
1264 55440
1265 55440
1266 55440
1267 55440
1268 55440
1269 55440
1270 55440
1271 55440
1272 55440
1273 55440
1274 55440
1275 55440
1276 55440
1277 55440
1278 55440
1279 55440
1280 55440
1281 55440
1282 55440
1283 55440
1284 55440
1285 55440
1286 55440
1287 55440
1288 55440
1289 55440
1290 55440
1291 55440
1292 55440
1293 55440
1294 55440
1295 55440
1296 55440
1297 55440
1298 55440
1299 55440
1300 55440
1301 55440
1302 55440
1303 55440
1304 55440
1305 55440
1306 55440
1307 55440
1308 55440
1309 55440
1310 55440
1311 55440
1312 55440
1313 55440
1314 55440
1315 55440
1316 55440
1317 55440
1318 55440
1319 55440
1320 55440
1321 55440
1322 55440
1323 55440
1324 55440
1325 55440
1326 55440
1327 55440
1328 55440
1329 55440
1330 55440
1331 55440
1332 55440
1333 55440
1334 55440
1335 55440
1336 55440
1337 55440
1338 55440
1339 55440
1340 55440
1341 55440
1342 55440
1343 55440
1344 55440
1345 55440
1346 55440
1347 55440
1348 55440
1349 55440
1350 55440
1351 55440
1352 55440
1353 55440
1354 55440
1355 55440
1356 55440
1357 55440
1358 55440
1359 55440
1360 55440
1361 55440
1362 55440
1363 55440
1364 55440
1365 55440
1366 55440
1367 55440
1368 55440
1369 55440
1370 55440
1371 55440
1372 55440
1373 55440
1374 55440
1375 55440
1376 55440
1377 55440
1378 55440
1379 55440
1380 55440
1381 55440
1382 55440
1383 55440
1384 55440
1385 55440
1386 55440
1387 55440
1388 55440
1389 55440
1390 55440
1391 55440
1392 55440
1393 55440
1394 55440
1395 55440
1396 55440
1397 55440
1398 55440
1399 55440
1400 55440
1401 55440
1402 55440
1403 55440
1404 55440
1405 55440
1406 55440
1407 55440
1408 55440
1409 55440
1410 55440
1411 55440
1412 55440
1413 55440
1414 55440
1415 55440
1416 55440
1417 55440
1418 55440
1419 55440
1420 55440
1421 55440
1422 55440
1423 55440
1424 55440
1425 55440
1426 55440
1427 55440
1428 55440
1429 55440
1430 55440
1431 55440
1432 55440
1433 55440
1434 55440
1435 55440
1436 55440
1437 55440
1438 55440
1439 55440
1440 55440
1441 55440
1442 55440
1443 55440
1444 55440
1445 55440
1446 55440
1447 55440
1448 55440
1449 55440
1450 55440
1451 55440
1452 55440
1453 55440
1454 55440
1455 55440
1456 55440
1457 55440
1458 55440
1459 55440
1460 55440
1461 55440
1462 55440
1463 55440
1464 55440
1465 55440
1466 55440
1467 55440
1468 55440
1469 55440
1470 55440
1471 55440
1472 55440
1473 55440
1474 55440
1475 55440
1476 55440
1477 55440
1478 55440
1479 55440
1480 55440
1481 55440
1482 55440
1483 55440
1484 55440
1485 55440
1486 55440
1487 55440
1488 55440
1489 55440
1490 55440
1491 55440
1492 55440
1493 55440
1494 55440
1495 55440
1496 55440
1497 55440
1498 55440
1499 55440
1500 55440
1501 55440
1502 55440
1503 55440
1504 55440
1505 55440
1506 55440
1507 55440
1508 55440
1509 55440
1510 55440
1511 55440
1512 55440
1513 55440
1514 55440
1515 55440
1516 55440
1517 55440
1518 55440
1519 55440
1520 55440
1521 55440
1522 55440
1523 55440
1524 55440
1525 55440
1526 55440
1527 55440
1528 55440
1529 55440
1530 55440
1531 55440
1532 55440
1533 55440
1534 55440
1535 55440
1536 55440
1537 55440
1538 55440
1539 55440
1540 55440
1541 55440
1542 55440
1543 55440
1544 55440
1545 55440
1546 55440
1547 55440
1548 55440
1549 55440
1550 55440
1551 55440
1552 55440
1553 55440
1554 55440
1555 55440
1556 55440
1557 55440
1558 55440
1559 55440
1560 55440
1561 55440
1562 55440
1563 55440
1564 55440
1565 55440
1566 55440
1567 55440
1568 55440
1569 55440
1570 55440
1571 55440
1572 55440
1573 55440
1574 55440
1575 55440
1576 55440
1577 55440
1578 55440
1579 55440
1580 55440
1581 55440
1582 55440
1583 55440
1584 55440
1585 55440
1586 55440
1587 55440
1588 55440
1589 55440
1590 55440
1591 55440
1592 55440
1593 55440
1594 55440
1595 55440
1596 55440
1597 55440
1598 55440
1599 55440
1600 55440
1601 55440
1602 55440
1603 55440
1604 55440
1605 55440
1606 55440
1607 55440
1608 55440
1609 55440
1610 55440
1611 55440
1612 55440
1613 55440
1614 55440
1615 55440
1616 55440
1617 55440
1618 55440
1619 55440
1620 55440
1621 55440
1622 55440
1623 55440
1624 55440
1625 55440
1626 55440
1627 55440
1628 55440
1629 55440
1630 55440
1631 55440
1632 55440
1633 55440
1634 55440
1635 55440
1636 55440
1637 55440
1638 55440
1639 55440
1640 55440
1641 55440
1642 55440
1643 55440
1644 55440
1645 55440
1646 55440
1647 55440
1648 55440
1649 55440
1650 55440
1651 55440
1652 55440
1653 55440
1654 55440
1655 55440
1656 55440
1657 55440
1658 55440
1659 55440
1660 55440
1661 55440
1662 55440
1663 55440
1664 55440
1665 55440
1666 55440
1667 55440
1668 55440
1669 55440
1670 55440
1671 55440
1672 55440
1673 55440
1674 55440
1675 55440
1676 55440
1677 55440
1678 55440
1679 55440
1680 55440
1681 55440
1682 55440
1683 55440
1684 55440
1685 55440
1686 55440
1687 55440
1688 55440
1689 55440
1690 55440
1691 55440
1692 55440
1693 55440
1694 55440
1695 55440
1696 55440
1697 55440
1698 55440
1699 55440
1700 55440
1701 55440
1702 55440
1703 55440
1704 55440
1705 55440
1706 55440
1707 55440
1708 55440
1709 55440
1710 55440
1711 55440
1712 55440
1713 55440
1714 55440
1715 55440
1716 55440
1717 55440
1718 55440
1719 55440
1720 55440
1721 55440
1722 55440
1723 55440
1724 55440
1725 55440
1726 55440
1727 55440
1728 55440
1729 55440
1730 55440
1731 55440
1732 55440
1733 55440
1734 55440
1735 55440
1736 55440
1737 55440
1738 55440
1739 55440
1740 55440
1741 55440
1742 55440
1743 55440
1744 55440
1745 55440
1746 55440
1747 55440
1748 55440
1749 55440
1750 55440
1751 55440
1752 55440
1753 55440
1754 55440
1755 55440
1756 55440
1757 55440
1758 55440
1759 55440
1760 110880
1761 110880
1762 110880
1763 110880
1764 110880
1765 110880
1766 110880
1767 110880
1768 110880
1769 110880
1770 110880
1771 110880
1772 110880
1773 110880
1774 110880
1775 110880
1776 110880
1777 110880
1778 110880
1779 110880
1780 110880
1781 110880
1782 110880
1783 110880
1784 110880
1785 110880
1786 110880
1787 110880
1788 110880
1789 110880
1790 110880
1791 110880
1792 110880
1793 110880
1794 110880
1795 110880
1796 110880
1797 110880
1798 110880
1799 110880
1800 110880
1801 110880
1802 110880
1803 110880
1804 110880
1805 110880
1806 110880
1807 110880
1808 110880
1809 110880
1810 110880
1811 110880
1812 110880
1813 110880
1814 110880
1815 110880
1816 110880
1817 110880
1818 110880
1819 110880
1820 110880
1821 110880
1822 110880
1823 110880
1824 110880
1825 110880
1826 110880
1827 110880
1828 110880
1829 110880
1830 110880
1831 110880
1832 110880
1833 110880
1834 110880
1835 110880
1836 110880
1837 110880
1838 110880
1839 110880
1840 110880
1841 110880
1842 110880
1843 110880
1844 110880
1845 110880
1846 110880
1847 110880
1848 110880
1849 110880
1850 110880
1851 110880
1852 110880
1853 110880
1854 110880
1855 110880
1856 110880
1857 110880
1858 110880
1859 110880
1860 110880
1861 110880
1862 110880
1863 110880
1864 110880
1865 110880
1866 110880
1867 110880
1868 110880
1869 110880
1870 110880
1871 110880
1872 110880
1873 110880
1874 110880
1875 110880
1876 110880
1877 110880
1878 110880
1879 110880
1880 110880
1881 110880
1882 110880
1883 110880
1884 110880
1885 110880
1886 110880
1887 110880
1888 110880
1889 110880
1890 110880
1891 110880
1892 110880
1893 110880
1894 110880
1895 110880
1896 110880
1897 110880
1898 110880
1899 110880
1900 110880
1901 110880
1902 110880
1903 110880
1904 110880
1905 110880
1906 110880
1907 110880
1908 110880
1909 110880
1910 110880
1911 110880
1912 110880
1913 110880
1914 110880
1915 110880
1916 110880
1917 110880
1918 110880
1919 110880
1920 110880
1921 110880
1922 110880
1923 110880
1924 110880
1925 110880
1926 110880
1927 110880
1928 110880
1929 110880
1930 110880
1931 110880
1932 110880
1933 110880
1934 110880
1935 110880
1936 110880
1937 110880
1938 110880
1939 110880
1940 110880
1941 110880
1942 110880
1943 110880
1944 110880
1945 110880
1946 110880
1947 110880
1948 110880
1949 110880
1950 110880
1951 110880
1952 110880
1953 110880
1954 110880
1955 110880
1956 110880
1957 110880
1958 110880
1959 110880
1960 110880
1961 110880
1962 110880
1963 110880
1964 110880
1965 110880
1966 110880
1967 110880
1968 110880
1969 110880
1970 110880
1971 110880
1972 110880
1973 110880
1974 110880
1975 110880
1976 110880
1977 110880
1978 110880
1979 110880
1980 110880
1981 110880
1982 110880
1983 110880
1984 110880
1985 110880
1986 110880
1987 110880
1988 110880
1989 110880
1990 110880
1991 110880
1992 110880
1993 110880
1994 110880
1995 110880
1996 110880
1997 110880
1998 110880
1999 110880
2000 110880
2001 110880
2002 110880
2003 110880
2004 110880
2005 110880
2006 110880
2007 110880
2008 110880
2009 110880
2010 110880
2011 110880
2012 110880
2013 110880
2014 110880
2015 110880
2016 110880
2017 110880
2018 110880
2019 110880
2020 110880
2021 110880
2022 110880
2023 110880
2024 110880
2025 110880
2026 110880
2027 110880
2028 110880
2029 110880
2030 110880
2031 110880
2032 110880
2033 110880
2034 110880
2035 110880
2036 110880
2037 110880
2038 110880
2039 110880
2040 110880
2041 110880
2042 110880
2043 110880
2044 110880
2045 110880
2046 110880
2047 110880
2048 110880
2049 110880
2050 110880
2051 110880
2052 110880
2053 110880
2054 110880
2055 110880
2056 110880
2057 110880
2058 110880
2059 110880
2060 110880
2061 110880
2062 110880
2063 110880
2064 110880
2065 110880
2066 110880
2067 110880
2068 110880
2069 110880
2070 110880
2071 110880
2072 110880
2073 110880
2074 110880
2075 110880
2076 110880
2077 110880
2078 110880
2079 110880
2080 110880
2081 110880
2082 110880
2083 110880
2084 110880
2085 110880
2086 110880
2087 110880
2088 110880
2089 110880
2090 110880
2091 110880
2092 110880
2093 110880
2094 110880
2095 110880
2096 110880
2097 110880
2098 110880
2099 110880
2100 110880
2101 110880
2102 110880
2103 110880
2104 110880
2105 110880
2106 110880
2107 110880
2108 110880
2109 110880
2110 110880
2111 110880
2112 110880
2113 110880
2114 110880
2115 110880
2116 110880
2117 110880
2118 110880
2119 110880
2120 110880
2121 110880
2122 110880
2123 110880
2124 110880
2125 110880
2126 110880
2127 110880
2128 110880
2129 110880
2130 110880
2131 110880
2132 110880
2133 110880
2134 110880
2135 110880
2136 110880
2137 110880
2138 110880
2139 110880
2140 110880
2141 110880
2142 110880
2143 110880
2144 110880
2145 110880
2146 110880
2147 110880
2148 110880
2149 110880
2150 110880
2151 110880
2152 110880
2153 110880
2154 110880
2155 110880
2156 110880
2157 110880
2158 110880
2159 110880
2160 166320
2161 166320
2162 166320
2163 166320
2164 166320
2165 166320
2166 166320
2167 166320
2168 166320
2169 166320
2170 166320
2171 166320
2172 166320
2173 166320
2174 166320
2175 166320
2176 166320
2177 166320
2178 166320
2179 166320
2180 166320
2181 166320
2182 166320
2183 166320
2184 166320
2185 166320
2186 166320
2187 166320
2188 166320
2189 166320
2190 166320
2191 166320
2192 166320
2193 166320
2194 166320
2195 166320
2196 166320
2197 166320
2198 166320
2199 166320
2200 166320
2201 166320
2202 166320
2203 166320
2204 166320
2205 166320
2206 166320
2207 166320
2208 166320
2209 166320
2210 166320
2211 166320
2212 166320
2213 166320
2214 166320
2215 166320
2216 166320
2217 166320
2218 166320
2219 166320
2220 166320
2221 166320
2222 166320
2223 166320
2224 166320
2225 166320
2226 166320
2227 166320
2228 166320
2229 166320
2230 166320
2231 166320
2232 166320
2233 166320
2234 166320
2235 166320
2236 166320
2237 166320
2238 166320
2239 166320
2240 166320
2241 166320
2242 166320
2243 166320
2244 166320
2245 166320
2246 166320
2247 166320
2248 166320
2249 166320
2250 166320
2251 166320
2252 166320
2253 166320
2254 166320
2255 166320
2256 166320
2257 166320
2258 166320
2259 166320
2260 166320
2261 166320
2262 166320
2263 166320
2264 166320
2265 166320
2266 166320
2267 166320
2268 166320
2269 166320
2270 166320
2271 166320
2272 166320
2273 166320
2274 166320
2275 166320
2276 166320
2277 166320
2278 166320
2279 166320
2280 166320
2281 166320
2282 166320
2283 166320
2284 166320
2285 166320
2286 166320
2287 166320
2288 166320
2289 166320
2290 166320
2291 166320
2292 166320
2293 166320
2294 166320
2295 166320
2296 166320
2297 166320
2298 166320
2299 166320
2300 166320
2301 166320
2302 166320
2303 166320
2304 166320
2305 166320
2306 166320
2307 166320
2308 166320
2309 166320
2310 166320
2311 166320
2312 166320
2313 166320
2314 166320
2315 166320
2316 166320
2317 166320
2318 166320
2319 166320
2320 166320
2321 166320
2322 166320
2323 166320
2324 166320
2325 166320
2326 166320
2327 166320
2328 166320
2329 166320
2330 166320
2331 166320
2332 166320
2333 166320
2334 166320
2335 166320
2336 166320
2337 166320
2338 166320
2339 166320
2340 166320
2341 166320
2342 166320
2343 166320
2344 166320
2345 166320
2346 166320
2347 166320
2348 166320
2349 166320
2350 166320
2351 166320
2352 166320
2353 166320
2354 166320
2355 166320
2356 166320
2357 166320
2358 166320
2359 166320
2360 166320
2361 166320
2362 166320
2363 166320
2364 166320
2365 166320
2366 166320
2367 166320
2368 166320
2369 166320
2370 166320
2371 166320
2372 166320
2373 166320
2374 166320
2375 166320
2376 166320
2377 166320
2378 166320
2379 166320
2380 166320
2381 166320
2382 166320
2383 166320
2384 166320
2385 166320
2386 166320
2387 166320
2388 166320
2389 166320
2390 166320
2391 166320
2392 166320
2393 166320
2394 166320
2395 166320
2396 166320
2397 166320
2398 166320
2399 166320
2400 166320
2401 166320
2402 166320
2403 166320
2404 166320
2405 166320
2406 166320
2407 166320
2408 166320
2409 166320
2410 166320
2411 166320
2412 166320
2413 166320
2414 166320
2415 166320
2416 166320
2417 166320
2418 166320
2419 166320
2420 166320
2421 166320
2422 166320
2423 166320
2424 166320
2425 166320
2426 166320
2427 166320
2428 166320
2429 166320
2430 166320
2431 166320
2432 166320
2433 166320
2434 166320
2435 166320
2436 166320
2437 166320
2438 166320
2439 166320
2440 166320
2441 166320
2442 166320
2443 166320
2444 166320
2445 166320
2446 166320
2447 166320
2448 166320
2449 166320
2450 166320
2451 166320
2452 166320
2453 166320
2454 166320
2455 166320
2456 166320
2457 166320
2458 166320
2459 166320
2460 166320
2461 166320
2462 166320
2463 166320
2464 166320
2465 166320
2466 166320
2467 166320
2468 166320
2469 166320
2470 166320
2471 166320
2472 166320
2473 166320
2474 166320
2475 166320
2476 166320
2477 166320
2478 166320
2479 166320
2480 166320
2481 166320
2482 166320
2483 166320
2484 166320
2485 166320
2486 166320
2487 166320
2488 166320
2489 166320
2490 166320
2491 166320
2492 166320
2493 166320
2494 166320
2495 166320
2496 166320
2497 166320
2498 166320
2499 166320
2500 166320
2501 166320
2502 166320
2503 166320
2504 166320
2505 166320
2506 166320
2507 166320
2508 166320
2509 166320
2510 166320
2511 166320
2512 166320
2513 166320
2514 166320
2515 166320
2516 166320
2517 166320
2518 166320
2519 166320
2520 166320
2521 166320
2522 166320
2523 166320
2524 166320
2525 166320
2526 166320
2527 166320
2528 166320
2529 166320
2530 166320
2531 166320
2532 166320
2533 166320
2534 166320
2535 166320
2536 166320
2537 166320
2538 166320
2539 166320
2540 166320
2541 166320
2542 166320
2543 166320
2544 166320
2545 166320
2546 166320
2547 166320
2548 166320
2549 166320
2550 166320
2551 166320
2552 166320
2553 166320
2554 166320
2555 166320
2556 166320
2557 166320
2558 166320
2559 166320
2560 166320
2561 166320
2562 166320
2563 166320
2564 166320
2565 166320
2566 166320
2567 166320
2568 166320
2569 166320
2570 166320
2571 166320
2572 166320
2573 166320
2574 166320
2575 166320
2576 166320
2577 166320
2578 166320
2579 166320
2580 166320
2581 166320
2582 166320
2583 166320
2584 166320
2585 166320
2586 166320
2587 166320
2588 166320
2589 166320
2590 166320
2591 166320
2592 166320
2593 166320
2594 166320
2595 166320
2596 166320
2597 166320
2598 166320
2599 166320
2600 166320
2601 166320
2602 166320
2603 166320
2604 166320
2605 166320
2606 166320
2607 166320
2608 166320
2609 166320
2610 166320
2611 166320
2612 166320
2613 166320
2614 166320
2615 166320
2616 166320
2617 166320
2618 166320
2619 166320
2620 166320
2621 166320
2622 166320
2623 166320
2624 166320
2625 166320
2626 166320
2627 166320
2628 166320
2629 166320
2630 166320
2631 166320
2632 166320
2633 166320
2634 166320
2635 166320
2636 166320
2637 166320
2638 166320
2639 166320
2640 166320
2641 166320
2642 166320
2643 166320
2644 166320
2645 166320
2646 166320
2647 166320
2648 166320
2649 166320
2650 166320
2651 166320
2652 166320
2653 166320
2654 166320
2655 166320
2656 166320
2657 166320
2658 166320
2659 166320
2660 166320
2661 166320
2662 166320
2663 166320
2664 166320
2665 166320
2666 166320
2667 166320
2668 166320
2669 166320
2670 166320
2671 166320
2672 166320
2673 166320
2674 166320
2675 166320
2676 166320
2677 166320
2678 166320
2679 166320
2680 166320
2681 166320
2682 166320
2683 166320
2684 166320
2685 166320
2686 166320
2687 166320
2688 166320
2689 166320
2690 166320
2691 166320
2692 166320
2693 166320
2694 166320
2695 166320
2696 166320
2697 166320
2698 166320
2699 166320
2700 166320
2701 166320
2702 166320
2703 166320
2704 166320
2705 166320
2706 166320
2707 166320
2708 166320
2709 166320
2710 166320
2711 166320
2712 166320
2713 166320
2714 166320
2715 166320
2716 166320
2717 166320
2718 166320
2719 166320
2720 166320
2721 166320
2722 166320
2723 166320
2724 166320
2725 166320
2726 166320
2727 166320
2728 166320
2729 166320
2730 166320
2731 166320
2732 166320
2733 166320
2734 166320
2735 166320
2736 166320
2737 166320
2738 166320
2739 166320
2740 166320
2741 166320
2742 166320
2743 166320
2744 166320
2745 166320
2746 166320
2747 166320
2748 166320
2749 166320
2750 166320
2751 166320
2752 166320
2753 166320
2754 166320
2755 166320
2756 166320
2757 166320
2758 166320
2759 166320
2760 166320
2761 166320
2762 166320
2763 166320
2764 166320
2765 166320
2766 166320
2767 166320
2768 166320
2769 166320
2770 166320
2771 166320
2772 166320
2773 166320
2774 166320
2775 166320
2776 166320
2777 166320
2778 166320
2779 166320
2780 166320
2781 166320
2782 166320
2783 166320
2784 166320
2785 166320
2786 166320
2787 166320
2788 166320
2789 166320
2790 166320
2791 166320
2792 166320
2793 166320
2794 166320
2795 166320
2796 166320
2797 166320
2798 166320
2799 166320
2800 166320
2801 166320
2802 166320
2803 166320
2804 166320
2805 166320
2806 166320
2807 166320
2808 166320
2809 166320
2810 166320
2811 166320
2812 166320
2813 166320
2814 166320
2815 166320
2816 166320
2817 166320
2818 166320
2819 166320
2820 166320
2821 166320
2822 166320
2823 166320
2824 166320
2825 166320
2826 166320
2827 166320
2828 166320
2829 166320
2830 166320
2831 166320
2832 166320
2833 166320
2834 166320
2835 166320
2836 166320
2837 166320
2838 166320
2839 166320
2840 166320
2841 166320
2842 166320
2843 166320
2844 166320
2845 166320
2846 166320
2847 166320
2848 166320
2849 166320
2850 166320
2851 166320
2852 166320
2853 166320
2854 166320
2855 166320
2856 166320
2857 166320
2858 166320
2859 166320
2860 166320
2861 166320
2862 166320
2863 166320
2864 166320
2865 166320
2866 166320
2867 166320
2868 166320
2869 166320
2870 166320
2871 166320
2872 166320
2873 166320
2874 166320
2875 166320
2876 166320
2877 166320
2878 166320
2879 166320
2880 166320
2881 166320
2882 166320
2883 166320
2884 166320
2885 166320
2886 166320
2887 166320
2888 166320
2889 166320
2890 166320
2891 166320
2892 166320
2893 166320
2894 166320
2895 166320
2896 166320
2897 166320
2898 166320
2899 166320
2900 166320
2901 166320
2902 166320
2903 166320
2904 166320
2905 166320
2906 166320
2907 166320
2908 166320
2909 166320
2910 166320
2911 166320
2912 166320
2913 166320
2914 166320
2915 166320
2916 166320
2917 166320
2918 166320
2919 166320
2920 166320
2921 166320
2922 166320
2923 166320
2924 166320
2925 166320
2926 166320
2927 166320
2928 166320
2929 166320
2930 166320
2931 166320
2932 166320
2933 166320
2934 166320
2935 166320
2936 166320
2937 166320
2938 166320
2939 166320
2940 166320
2941 166320
2942 166320
2943 166320
2944 166320
2945 166320
2946 166320
2947 166320
2948 166320
2949 166320
2950 166320
2951 166320
2952 166320
2953 166320
2954 166320
2955 166320
2956 166320
2957 166320
2958 166320
2959 166320
2960 166320
2961 166320
2962 166320
2963 166320
2964 166320
2965 166320
2966 166320
2967 166320
2968 166320
2969 166320
2970 166320
2971 166320
2972 166320
2973 166320
2974 166320
2975 166320
2976 166320
2977 166320
2978 166320
2979 166320
2980 166320
2981 166320
2982 166320
2983 166320
2984 166320
2985 166320
2986 166320
2987 166320
2988 166320
2989 166320
2990 166320
2991 166320
2992 166320
2993 166320
2994 166320
2995 166320
2996 166320
2997 166320
2998 166320
2999 166320
3000 166320
