1 --> 1
2 --> 2
3 --> 2, 3, 6
4 --> 4
5 --> 4
6 --> 6, 12
7 --> 6, 12
8 --> 6, 8, 12, 24
9 --> 6, 8, 12, 18, 24
10 --> 6, 8, 10, 12, 18, 20, 24, 30, 40
11 --> 6, 8, 10, 12, 18, 20, 24, 30, 40
12 --> 12, 24
13 --> 12, 24
14 --> 12, 24
15 --> 12, 24, 30, 60
16 --> 12, 24, 30, 48, 60
17 --> 12, 24, 30, 48, 60
18 --> 36
19 --> 36
20 --> 60
21 --> 60
22 --> 60
23 --> 60
24 --> 24, 48, 60, 72, 120
25 --> 24, 48, 60, 72, 120
26 --> 24, 48, 60, 72, 120
27 --> 24, 48, 60, 72, 120
28 --> 24, 48, 60, 72, 84, 120, 168
29 --> 24, 48, 60, 72, 84, 120, 168
30 --> 60, 120
31 --> 60, 120
32 --> 60, 120
33 --> 60, 120
34 --> 60, 120
35 --> 60, 120
36 --> 60, 72, 120, 180
37 --> 60, 72, 120, 180
38 --> 60, 72, 120, 180
39 --> 60, 72, 120, 180
40 --> 120
41 --> 120
42 --> 120
43 --> 120
44 --> 120
45 --> 120, 180, 360
46 --> 120, 180, 360
47 --> 120, 180, 360
48 --> 120, 180, 240, 360
49 --> 120, 180, 240, 360
50 --> 120, 180, 240, 360
51 --> 120, 180, 240, 360
52 --> 120, 180, 240, 360
53 --> 120, 180, 240, 360
54 --> 120, 180, 240, 360
55 --> 120, 180, 240, 360
56 --> 120, 168, 180, 240, 336, 360
57 --> 120, 168, 180, 240, 336, 360
58 --> 120, 168, 180, 240, 336, 360
59 --> 120, 168, 180, 240, 336, 360
60 --> 120, 180, 240, 360
61 --> 120, 180, 240, 360
62 --> 120, 180, 240, 360
63 --> 120, 180, 240, 360
64 --> 120, 180, 240, 360
65 --> 120, 180, 240, 360
66 --> 120, 180, 240, 360
67 --> 120, 180, 240, 360
68 --> 120, 180, 240, 360
69 --> 120, 180, 240, 360
70 --> 120, 180, 240, 360, 420, 840
71 --> 120, 180, 240, 360, 420, 840
72 --> 360
73 --> 360
74 --> 360
75 --> 360
76 --> 360
77 --> 360
78 --> 360
79 --> 360
80 --> 240, 360, 720
81 --> 240, 360, 720
82 --> 240, 360, 720
83 --> 240, 360, 720
84 --> 240, 360, 420, 504, 720, 840
85 --> 240, 360, 420, 504, 720, 840
86 --> 240, 360, 420, 504, 720, 840
87 --> 240, 360, 420, 504, 720, 840
88 --> 240, 360, 420, 504, 720, 840
89 --> 240, 360, 420, 504, 720, 840
90 --> 360, 720
91 --> 360, 720
92 --> 360, 720
93 --> 360, 720
94 --> 360, 720
95 --> 360, 720
96 --> 360, 720
97 --> 360, 720
98 --> 360, 720
99 --> 360, 720
100 --> 360, 720
