1 1
2 3
3 6
4 9
5 14
6 18
7 25
8 30
9 36
10 42
11 53
12 59
13 72
14 80
15 89
16 97
17 114
18 123
19 142
20 152
21 164
22 176
23 199
24 209
25 225
26 239
27 254
28 267
29 296
30 308
31 339
32 354
33 372
34 390
35 410
36 423
37 460
38 480
39 501
40 517
41 558
42 575
43 618
44 638
45 659
46 683
47 730
48 747
49 778
50 800
51 827
52 850
53 903
54 925
55 956
56 978
57 1008
58 1038
59 1097
60 1116
61 1177
62 1209
63 1237
64 1263
65 1299
66 1325
67 1392
68 1422
69 1458
70 1484
71 1555
72 1578
73 1651
74 1689
75 1723
76 1756
77 1801
78 1832
79 1911
80 1939
81 1977
82 2019
83 2102
84 2131
85 2178
86 2222
87 2267
88 2301
89 2390
90 2418
91 2470
92 2510
93 2558
94 2606
95 2657
96 2687
97 2784
98 2825
99 2869
100 2906
101 3007
102 3046
103 3149
104 3189
105 3230
106 3284
107 3391
108 3425
109 3534
110 3577
111 3634
112 3675
113 3788
114 3832
115 3894
116 3944
117 3995
118 4055
119 4121
120 4155
121 4234
122 4296
123 4359
124 4412
125 4479
126 4519
127 4646
128 4695
129 4761
130 4809
131 4940
132 4981
133 5054
134 5122
135 5174
136 5225
137 5362
138 5415
139 5554
140 5600
141 5672
142 5744
143 5831
144 5871
145 5949
146 6023
147 6086
148 6149
149 6298
150 6343
151 6494
152 6551
153 6618
154 6673
155 6755
156 6805
157 6962
158 7042
159 7123
160 7174
161 7261
162 7317
163 7480
164 7550
165 7612
166 7696
167 7863
168 7909
169 8019
170 8082
171 8156
172 8229
173 8402
174 8468
175 8548
176 8608
177 8698
178 8788
179 8967
180 9014
181 9195
182 9262
183 9355
184 9423
185 9521
186 9591
187 9701
188 9781
189 9852
190 9923
191 10114
192 10170
193 10363
194 10461
195 10536
196 10607
197 10804
198 10868
199 11067
200 11131
