1 1
2 2
3 2
4 3
5 3
6 4
7 4
8 4
9 4
10 4
11 4
12 6
13 6
14 6
15 6
16 6
17 6
18 7
19 7
20 8
21 8
22 8
23 8
24 8
25 8
26 8
27 8
28 8
29 8
30 10
31 10
32 10
33 10
34 10
35 10
36 10
37 10
38 10
39 10
40 12
41 12
42 12
43 12
44 12
45 12
46 12
47 12
48 12
49 12
50 12
51 12
52 12
53 12
54 12
55 12
56 12
57 12
58 12
59 12
60 14
61 14
62 14
63 14
64 14
65 14
66 14
67 14
68 14
69 14
70 14
71 14
72 16
73 16
74 16
75 16
76 16
77 16
78 16
79 16
80 16
81 16
82 16
83 16
84 16
85 16
86 16
87 16
88 16
89 16
90 18
91 18
92 18
93 18
94 18
95 18
96 18
97 18
98 18
99 18
100 18
