1 1
2 2
3 3
4 3
5 4
6 5
7 6
8 6
9 5
10 6
11 7
12 8
13 9
14 10
15 11
16 10
17 11
18 12
19 13
20 13
21 14
22 15
23 16
24 17
25 15
26 16
27 15
28 15
29 16
30 17
31 18
32 17
33 18
34 19
35 20
36 20
37 21
38 22
39 23
40 24
41 25
42 26
43 27
44 27
45 28
46 29
47 30
48 30
49 26
50 26
51 27
52 27
53 28
54 29
55 30
56 31
57 32
58 33
59 34
60 35
61 36
62 37
63 38
64 36
65 37
66 38
67 39
68 39
69 40
70 41
71 42
72 42
73 43
74 44
75 44
76 44
77 45
78 46
79 47
80 48
81 45
82 46
83 47
84 48
85 49
86 50
87 51
88 51
89 52
90 53
91 54
92 54
93 55
94 56
95 57
96 58
97 59
98 58
99 57
100 55
101 56
102 57
103 58
104 58
105 59
106 60
107 61
108 62
109 63
110 64
111 65
112 66
113 67
114 68
115 69
116 69
117 68
118 69
119 70
120 71
121 66
122 67
123 68
124 68
125 66
126 67
127 68
128 66
129 67
130 68
131 69
132 70
133 71
134 72
135 73
136 73
137 74
138 75
139 76
140 77
141 78
142 79
143 80
144 78
145 79
146 80
147 79
148 79
149 80
150 81
151 82
152 82
153 81
154 82
155 83
156 84
157 85
158 86
159 87
160 88
161 89
162 89
163 90
164 90
165 91
166 92
167 93
168 94
169 87
170 88
171 87
172 87
173 88
174 89
175 89
176 90
177 91
178 92
179 93
180 93
181 94
182 95
183 96
184 96
185 97
186 98
187 99
188 99
189 100
190 101
191 102
192 102
193 103
194 104
195 105
196 103
197 104
198 105
199 106
200 105
201 106
202 107
203 108
204 109
205 110
206 111
207 110
208 111
209 112
210 113
211 114
212 114
213 115
214 116
215 117
216 118
217 119
218 120
219 121
220 122
221 123
222 124
223 125
224 126
225 123
226 124
227 125
228 126
229 127
230 128
231 129
232 129
233 130
234 131
235 132
236 132
237 133
238 134
239 135
240 136
241 137
242 135
243 132
244 132
245 132
246 133
247 134
248 134
249 135
250 135
251 136
252 137
253 138
254 139
255 140
256 136
257 137
258 138
259 139
260 140
261 139
262 140
263 141
264 142
265 143
266 144
267 145
268 145
269 146
270 147
271 148
272 147
273 148
274 149
275 150
276 151
277 152
278 153
279 152
280 153
281 154
282 155
283 156
284 156
285 157
286 158
287 159
288 159
289 150
290 151
291 152
292 152
293 153
294 153
295 154
296 154
297 155
298 156
299 157
300 157
301 158
302 159
303 160
304 159
305 160
306 161
307 162
308 163
309 164
310 165
311 166
312 167
313 168
314 169
315 170
316 170
317 171
318 172
319 173
320 173
321 174
322 175
323 176
324 174
325 174
326 175
327 176
328 176
329 177
330 178
331 179
332 179
333 178
334 179
335 180
336 181
337 182
338 181
339 182
340 183
341 184
342 185
343 181
344 181
345 182
346 183
347 184
348 185
349 186
350 187
351 188
352 189
353 190
354 191
355 192
356 192
357 193
358 194
359 195
360 195
361 184
362 185
363 183
364 184
365 185
366 186
367 187
368 186
369 185
370 186
371 187
372 188
373 189
374 190
375 190
376 190
377 191
378 192
379 193
380 194
381 195
382 196
383 197
384 197
385 198
386 199
387 198
388 198
389 199
390 200
391 201
392 200
393 201
394 202
395 203
396 204
397 205
398 206
399 207
400 204
401 205
402 206
403 207
404 207
405 207
406 208
407 209
408 210
409 211
410 212
411 213
412 213
413 214
414 215
415 216
416 217
417 218
418 219
419 220
420 221
421 222
422 223
423 222
424 222
425 223
426 224
427 225
428 225
429 226
430 227
431 228
432 227
433 228
434 229
435 230
436 230
437 231
438 232
439 233
440 234
441 230
442 231
443 232
444 233
445 234
446 235
447 236
448 236
449 237
450 237
451 238
452 238
453 239
454 240
455 241
456 242
457 243
458 244
459 245
460 245
461 246
462 247
463 248
464 247
465 248
466 249
467 250
468 251
469 252
470 253
471 254
472 254
473 255
474 256
475 257
476 258
477 257
478 258
479 259
480 260
481 261
482 262
483 263
484 258
485 259
486 259
487 260
488 260
489 261
490 261
491 262
492 263
493 264
494 265
495 266
496 265
497 266
498 267
499 268
500 266
501 267
502 268
503 269
504 270
505 271
506 272
507 270
508 270
509 271
510 272
511 273
512 269
513 270
514 271
515 272
516 273
517 274
518 275
519 276
520 277
521 278
522 279
523 280
524 280
525 281
526 282
527 283
528 284
529 270
530 271
531 270
532 271
533 272
534 273
535 274
536 274
537 275
538 276
539 276
540 277
541 278
542 279
543 280
544 280
545 281
546 282
547 283
548 283
549 282
550 283
551 284
552 285
553 286
554 287
555 288
556 288
557 289
558 290
559 291
560 292
561 293
562 294
563 295
564 296
565 297
566 298
567 297
568 297
569 298
570 299
571 300
572 301
573 302
574 303
575 304
576 302
577 303
578 300
579 301
580 301
581 302
582 303
583 304
584 304
585 305
586 306
587 307
588 307
589 308
590 309
591 310
592 309
593 310
594 311
595 312
596 312
597 313
598 314
599 315
600 315
601 316
602 317
603 316
604 316
605 314
606 315
607 316
608 317
609 318
610 319
611 320
612 321
613 322
614 323
615 324
616 325
617 326
618 327
619 328
620 328
621 329
622 330
623 331
624 332
625 324
626 325
627 326
628 326
629 327
630 328
631 329
632 329
633 330
634 331
635 332
636 333
637 333
638 334
639 333
640 333
641 334
642 335
643 336
644 337
645 338
646 339
647 340
648 339
649 340
650 340
651 341
652 341
653 342
654 343
655 344
656 343
657 342
658 343
659 344
660 345
661 346
662 347
663 348
664 348
665 349
666 350
667 351
668 351
669 352
670 353
671 354
672 355
673 356
674 357
675 355
676 350
677 351
678 352
679 353
680 354
681 355
682 356
683 357
684 357
685 358
686 357
687 358
688 357
689 358
690 359
691 360
692 360
693 361
694 362
695 363
696 364
697 365
698 366
699 367
700 368
701 369
702 370
703 371
704 371
705 372
706 373
707 374
708 375
709 376
710 377
711 376
712 376
713 377
714 378
715 379
716 379
717 380
718 381
719 382
720 382
721 383
722 380
723 381
724 381
725 379
726 379
727 380
728 381
729 373
730 374
731 375
732 376
733 377
734 378
735 379
736 380
737 381
738 382
739 383
740 383
741 384
742 385
743 386
744 387
745 388
746 389
747 388
748 389
749 390
750 391
751 392
752 391
753 392
754 393
755 394
756 395
757 396
758 397
759 398
760 399
761 400
762 401
763 402
764 402
765 403
766 404
767 405
768 404
769 405
770 406
771 407
772 407
773 408
774 409
775 407
776 407
777 408
778 409
779 410
780 411
781 412
782 413
783 412
784 409
785 410
786 411
787 412
788 412
789 413
790 414
791 415
792 416
793 417
794 418
795 419
796 419
797 420
798 421
799 422
800 420
801 419
802 420
803 421
804 422
805 423
806 424
807 425
808 425
809 426
810 427
811 428
812 428
813 429
814 430
815 431
816 432
817 433
818 434
819 435
820 435
821 436
822 437
823 438
824 438
825 439
826 440
827 441
828 441
829 442
830 443
831 444
832 445
833 444
834 445
835 446
836 447
837 446
838 447
839 448
840 449
841 435
842 436
843 437
844 437
845 436
846 437
847 435
848 434
849 435
850 436
851 437
852 438
853 439
854 440
855 441
856 441
857 442
858 443
859 444
860 444
861 445
862 446
863 447
864 447
865 448
866 449
867 446
868 446
869 447
870 448
871 449
872 449
873 448
874 449
875 450
876 451
877 452
878 453
879 454
880 455
881 456
882 455
883 456
884 457
885 458
886 459
887 460
888 461
889 462
890 463
891 464
892 464
893 465
894 466
895 467
896 467
897 468
898 469
899 470
900 468
901 469
902 470
903 471
904 471
905 472
906 473
907 474
908 474
909 473
910 474
911 475
912 476
913 477
914 478
915 479
916 479
917 480
918 481
919 482
920 483
921 484
922 485
923 486
924 487
925 485
926 486
927 485
928 486
929 487
930 488
931 488
932 488
933 489
934 490
935 491
936 492
937 493
938 494
939 495
940 495
941 496
942 497
943 498
944 497
945 498
946 499
947 500
948 501
949 502
950 503
951 504
952 505
953 506
954 507
955 508
956 508
957 509
958 510
959 511
960 512
961 496
962 497
963 496
964 496
965 497
966 498
967 499
968 494
969 495
970 496
971 497
972 496
973 497
974 498
975 499
976 498
977 499
978 500
979 501
980 501
981 500
982 501
983 502
984 503
985 504
986 505
987 506
988 507
989 508
990 509
991 510
992 511
993 512
994 513
995 514
996 515
997 516
998 517
999 516
1000 515
1001 516
1002 517
1003 518
1004 518
1005 519
1006 520
1007 521
1008 522
1009 523
1010 524
1011 525
1012 526
1013 527
1014 526
1015 527
1016 527
1017 526
1018 527
1019 528
1020 529
1021 530
1022 531
1023 532
1024 525
1025 523
1026 524
1027 525
1028 525
1029 524
1030 525
1031 526
1032 527
1033 528
1034 529
1035 530
1036 530
1037 531
1038 532
1039 533
1040 534
1041 535
1042 536
1043 537
1044 538
1045 539
1046 540
1047 541
1048 541
1049 542
1050 543
1051 544
1052 544
1053 544
1054 545
1055 546
1056 547
1057 548
1058 543
1059 544
1060 544
1061 545
1062 546
1063 547
1064 548
1065 549
1066 550
1067 551
1068 552
1069 553
1070 554
1071 555
1072 554
1073 555
1074 556
1075 554
1076 554
1077 555
1078 556
1079 557
1080 558
1081 559
1082 560
1083 555
1084 555
1085 556
1086 557
1087 558
1088 558
1089 550
1090 551
1091 552
1092 553
1093 554
1094 555
1095 556
1096 556
1097 557
1098 558
1099 559
1100 560
1101 561
1102 562
1103 563
1104 564
1105 565
1106 566
1107 565
1108 565
1109 566
1110 567
1111 568
1112 568
1113 569
1114 570
1115 571
1116 572
1117 573
1118 574
1119 575
1120 576
1121 577
1122 578
1123 579
1124 579
1125 578
1126 579
1127 579
1128 580
1129 581
1130 582
1131 583
1132 583
1133 584
1134 584
1135 585
1136 584
1137 585
1138 586
1139 587
1140 588
1141 589
1142 590
1143 589
1144 590
1145 591
1146 592
1147 593
1148 593
1149 594
1150 595
1151 596
1152 596
1153 597
1154 598
1155 599
1156 592
1157 593
1158 594
1159 595
1160 596
1161 595
1162 596
1163 597
1164 598
1165 599
1166 600
1167 601
1168 600
1169 601
1170 602
1171 603
1172 603
1173 604
1174 605
1175 603
1176 603
1177 604
1178 605
1179 604
1180 604
1181 605
1182 606
1183 605
1184 604
1185 605
1186 606
1187 607
1188 608
1189 609
1190 610
1191 611
1192 611
1193 612
1194 613
1195 614
1196 615
1197 616
1198 617
1199 618
1200 617
1201 618
1202 619
1203 620
1204 620
1205 621
1206 622
1207 623
1208 623
1209 624
1210 624
1211 625
1212 626
1213 627
1214 628
1215 628
1216 628
1217 629
1218 630
1219 631
1220 631
1221 632
1222 633
1223 634
1224 635
1225 629
1226 630
1227 631
1228 631
1229 632
1230 633
1231 634
1232 635
1233 634
1234 635
1235 636
1236 637
1237 638
1238 639
1239 640
1240 641
1241 642
1242 643
1243 644
1244 644
1245 645
1246 646
1247 647
1248 648
1249 649
1250 646
1251 645
1252 645
1253 646
1254 647
1255 648
1256 648
1257 649
1258 650
1259 651
1260 652
1261 653
1262 654
1263 655
1264 654
1265 655
1266 656
1267 657
1268 657
1269 656
1270 657
1271 658
1272 659
1273 660
1274 661
1275 662
1276 663
1277 664
1278 665
1279 666
1280 666
1281 667
1282 668
1283 669
1284 670
1285 671
1286 672
1287 673
1288 674
1289 675
1290 676
1291 677
1292 678
1293 679
1294 680
1295 681
1296 675
1297 676
1298 677
1299 678
1300 678
1301 679
1302 680
1303 681
1304 681
1305 682
1306 683
1307 684
1308 685
1309 686
1310 687
1311 688
1312 687
1313 688
1314 689
1315 690
1316 690
1317 691
1318 692
1319 693
1320 694
1321 695
1322 696
1323 694
1324 694
1325 692
1326 693
1327 694
1328 693
1329 694
1330 695
1331 690
1332 690
1333 691
1334 692
1335 693
1336 693
1337 694
1338 695
1339 696
1340 696
1341 695
1342 696
1343 697
1344 697
1345 698
1346 699
1347 700
1348 700
1349 701
1350 702
1351 703
1352 698
1353 699
1354 700
1355 701
1356 702
1357 703
1358 704
1359 703
1360 704
1361 705
1362 706
1363 707
1364 708
1365 709
1366 710
1367 711
1368 712
1369 693
1370 694
1371 695
1372 693
1373 694
1374 695
1375 696
1376 695
1377 696
1378 697
1379 698
1380 699
1381 700
1382 701
1383 702
1384 702
1385 703
1386 704
1387 705
1388 705
1389 706
1390 707
1391 708
1392 709
1393 710
1394 711
1395 712
1396 712
1397 713
1398 714
1399 715
1400 716
1401 717
1402 718
1403 719
1404 720
1405 721
1406 722
1407 723
1408 723
1409 724
1410 725
1411 726
1412 726
1413 725
1414 726
1415 727
1416 728
1417 729
1418 730
1419 731
1420 731
1421 731
1422 732
1423 733
1424 732
1425 733
1426 734
1427 735
1428 736
1429 737
1430 738
1431 737
1432 737
1433 738
1434 739
1435 740
1436 740
1437 741
1438 742
1439 743
1440 743
1441 744
1442 745
1443 746
1444 738
1445 735
1446 736
1447 737
1448 737
1449 738
1450 738
1451 739
1452 739
1453 740
1454 741
1455 742
1456 743
1457 744
1458 741
1459 742
1460 742
1461 743
1462 744
1463 745
1464 746
1465 747
1466 748
1467 747
1468 747
1469 748
1470 749
1471 750
1472 750
1473 751
1474 752
1475 750
1476 750
1477 751
1478 752
1479 753
1480 754
1481 755
1482 756
1483 757
1484 757
1485 758
1486 759
1487 760
1488 761
1489 762
1490 763
1491 764
1492 764
1493 765
1494 766
1495 767
1496 768
1497 769
1498 770
1499 771
1500 772
1501 773
1502 774
1503 773
1504 772
1505 773
1506 774
1507 775
1508 776
1509 777
1510 778
1511 779
1512 780
1513 781
1514 782
1515 783
1516 783
1517 784
1518 785
1519 785
1520 786
1521 776
1522 777
1523 778
1524 779
1525 777
1526 778
1527 779
1528 779
1529 780
1530 781
1531 782
1532 782
1533 783
1534 784
1535 785
1536 784
1537 785
1538 786
1539 787
1540 788
1541 789
1542 790
1543 791
1544 791
1545 792
1546 793
1547 794
1548 794
1549 795
1550 795
1551 796
1552 795
1553 796
1554 797
1555 798
1556 798
1557 797
1558 798
1559 799
1560 800
1561 801
1562 802
1563 803
1564 804
1565 805
1566 806
1567 807
1568 805
1569 806
1570 807
1571 808
1572 809
1573 809
1574 810
1575 810
1576 810
1577 811
1578 812
1579 813
1580 813
1581 814
1582 815
1583 816
1584 816
1585 817
1586 818
1587 813
1588 813
1589 814
1590 815
1591 816
1592 816
1593 815
1594 816
1595 817
1596 818
1597 819
1598 820
1599 821
1600 818
1601 819
1602 820
1603 821
1604 821
1605 822
1606 823
1607 824
1608 825
1609 826
1610 827
1611 826
1612 827
1613 828
1614 829
1615 830
1616 829
1617 830
1618 831
1619 832
1620 832
1621 833
1622 834
1623 835
1624 836
1625 837
1626 838
1627 839
1628 840
1629 839
1630 840
1631 841
1632 842
1633 843
1634 844
1635 845
1636 845
1637 846
1638 847
1639 848
1640 849
1641 850
1642 851
1643 852
1644 853
1645 854
1646 855
1647 854
1648 853
1649 854
1650 855
1651 856
1652 856
1653 857
1654 858
1655 859
1656 860
1657 861
1658 862
1659 863
1660 863
1661 864
1662 865
1663 866
1664 867
1665 868
1666 868
1667 869
1668 870
1669 871
1670 872
1671 873
1672 874
1673 875
1674 876
1675 874
1676 874
1677 875
1678 876
1679 877
1680 878
1681 855
1682 849
1683 850
1684 850
1685 851
1686 852
1687 853
1688 853
1689 854
1690 855
1691 856
1692 856
1693 857
1694 857
1695 858
1696 857
1697 858
1698 859
1699 860
1700 861
1701 861
1702 862
1703 863
1704 864
1705 865
1706 866
1707 867
1708 867
1709 868
1710 869
1711 870
1712 869
1713 870
1714 871
1715 871
1716 872
1717 873
1718 874
1719 873
1720 874
1721 875
1722 876
1723 877
1724 877
1725 878
1726 879
1727 880
1728 879
1729 880
1730 881
1731 882
1732 882
1733 883
1734 883
1735 884
1736 885
1737 884
1738 885
1739 886
1740 887
1741 888
1742 889
1743 890
1744 889
1745 890
1746 891
1747 892
1748 893
1749 894
1750 895
1751 896
1752 897
1753 898
1754 899
1755 900
1756 900
1757 901
1758 902
1759 903
1760 904
1761 905
1762 906
1763 907
1764 903
1765 904
1766 905
1767 906
1768 907
1769 908
1770 909
1771 910
1772 910
1773 909
1774 910
1775 908
1776 909
1777 910
1778 911
1779 912
1780 912
1781 913
1782 914
1783 915
1784 915
1785 916
1786 917
1787 918
1788 919
1789 920
1790 921
1791 920
1792 920
1793 921
1794 922
1795 923
1796 923
1797 924
1798 925
1799 926
1800 924
1801 925
1802 926
1803 927
1804 928
1805 924
1806 925
1807 926
1808 925
1809 924
1810 925
1811 926
1812 927
1813 928
1814 929
1815 928
1816 928
1817 929
1818 930
1819 931
1820 932
1821 933
1822 934
1823 935
1824 936
1825 934
1826 935
1827 936
1828 936
1829 937
1830 938
1831 939
1832 939
1833 940
1834 941
1835 942
1836 943
1837 944
1838 945
1839 946
1840 947
1841 948
1842 949
1843 950
1844 950
1845 951
1846 952
1847 953
1848 954
1849 929
1850 930
1851 931
1852 931
1853 932
1854 933
1855 934
1856 935
1857 936
1858 937
1859 936
1860 937
1861 938
1862 939
1863 940
1864 940
1865 941
1866 942
1867 943
1868 943
1869 944
1870 945
1871 946
1872 947
1873 948
1874 949
1875 946
1876 946
1877 947
1878 948
1879 949
1880 950
1881 951
1882 952
1883 953
1884 954
1885 955
1886 956
1887 957
1888 956
1889 957
1890 958
1891 959
1892 960
1893 961
1894 962
1895 963
1896 964
1897 965
1898 966
1899 965
1900 966
1901 967
1902 968
1903 969
1904 970
1905 971
1906 972
1907 973
1908 973
1909 974
1910 975
1911 976
1912 976
1913 977
1914 978
1915 979
1916 979
1917 978
1918 979
1919 980
1920 981
1921 982
1922 974
1923 975
1924 976
1925 977
1926 978
1927 979
1928 979
1929 980
1930 981
1931 982
1932 983
1933 984
1934 985
1935 986
1936 979
1937 980
1938 981
1939 982
1940 982
1941 983
1942 984
1943 985
1944 984
1945 985
1946 986
1947 987
1948 987
1949 988
1950 989
1951 990
1952 989
1953 990
1954 991
1955 992
1956 993
1957 994
1958 995
1959 996
1960 996
1961 997
1962 998
1963 999
1964 999
1965 1000
1966 1001
1967 1002
1968 1003
1969 1004
1970 1005
1971 1004
1972 1005
1973 1006
1974 1007
1975 1005
1976 1006
1977 1007
1978 1008
1979 1009
1980 1010
1981 1011
1982 1012
1983 1013
1984 1014
1985 1015
1986 1016
1987 1017
1988 1017
1989 1018
1990 1019
1991 1020
1992 1021
1993 1022
1994 1023
1995 1024
1996 1024
1997 1025
1998 1026
1999 1027
2000 1025
