1 0
2 1
3 3
4 6
5 10
6 13
7 19
8 24
9 31
10 36
11 46
12 51
13 63
14 70
15 78
16 87
17 103
18 111
19 129
20 139
21 150
22 161
23 183
24 192
25 210
26 223
27 239
28 252
29 280
30 291
31 321
32 337
33 354
34 371
35 390
36 403
37 439
38 458
39 478
40 493
41 533
42 549
43 591
44 611
45 631
46 654
47 700
48 717
49 752
50 774
51 800
52 823
53 875
54 896
55 926
56 947
57 976
58 1005
59 1063
60 1081
61 1141
62 1172
63 1199
64 1227
65 1262
66 1287
67 1353
68 1383
69 1418
70 1443
71 1513
72 1536
73 1608
74 1645
75 1679
76 1712
77 1756
78 1786
79 1864
80 1891
81 1932
82 1973
83 2055
84 2083
85 2129
86 2172
87 2216
88 2250
89 2338
90 2365
91 2416
92 2456
93 2503
94 2550
95 2600
96 2629
97 2725
98 2767
99 2812
100 2851
101 2951
102 2989
103 3091
104 3131
105 3171
106 3224
107 3330
108 3363
109 3471
110 3513
111 3569
112 3609
113 3721
114 3764
115 3825
116 3875
117 3927
118 3986
119 4051
120 4084
121 4168
122 4229
123 4291
124 4344
125 4413
126 4452
127 4578
128 4629
129 4694
130 4741
131 4871
132 4911
133 4983
134 5050
135 5101
136 5152
137 5288
138 5340
139 5478
140 5523
141 5594
142 5665
143 5751
144 5793
145 5870
146 5943
147 6007
148 6070
149 6218
150 6262
151 6412
152 6469
153 6537
154 6591
155 6672
156 6721
157 6877
158 6956
159 7036
160 7086
161 7172
162 7228
163 7390
164 7460
165 7521
166 7604
167 7770
168 7815
169 7932
170 7994
171 8069
172 8142
173 8314
174 8379
175 8459
176 8518
177 8607
178 8696
179 8874
180 8921
181 9101
182 9167
183 9259
184 9327
185 9424
186 9493
187 9602
188 9682
189 9752
190 9822
191 10012
192 10068
193 10260
194 10357
195 10431
196 10504
197 10700
198 10763
199 10961
200 11026
201 11127
202 11228
203 11338
204 11401
205 11509
206 11612
207 11702
208 11771
209 11890
210 11946
211 12156
212 12246
213 12353
214 12460
215 12572
216 12630
217 12747
218 12856
219 12966
220 13037
221 13170
222 13252
223 13474
224 13544
225 13627
226 13740
227 13966
228 14033
229 14261
230 14345
231 14431
232 14518
233 14750
234 14821
235 14944
236 15044
237 15163
238 15250
239 15488
240 15546
241 15786
242 15888
243 15996
244 16099
245 16210
246 16301
247 16445
248 16537
249 16662
250 16754
251 17004
252 17068
253 17211
254 17338
255 17437
256 17532
257 17788
258 17884
259 18025
260 18106
261 18218
262 18349
263 18611
264 18681
265 18820
266 18916
267 19050
268 19163
269 19431
270 19502
271 19772
272 19868
273 19970
274 20107
275 20227
276 20311
277 20587
278 20726
279 20846
280 20922
281 21202
282 21306
283 21588
284 21708
285 21818
286 21923
287 22078
288 22152
289 22353
290 22459
291 22605
292 22728
293 23020
294 23114
295 23268
296 23378
297 23492
298 23641
299 23815
300 23890
301 24052
302 24203
303 24355
304 24458
305 24617
306 24710
307 25016
308 25110
309 25265
310 25376
311 25686
312 25773
313 26085
314 26242
315 26340
316 26473
317 26789
318 26907
319 27088
320 27181
321 27342
322 27456
323 27658
324 27747
325 27891
326 28054
327 28218
328 28339
329 28515
330 28604
331 28934
332 29074
333 29216
334 29383
335 29557
336 29640
337 29976
338 30115
339 30285
340 30388
341 30580
342 30687
343 30875
344 31002
345 31130
346 31303
347 31649
348 31754
349 32102
350 32205
351 32333
352 32441
353 32793
354 32924
355 33109
356 33259
357 33388
358 33567
359 33925
360 34006
361 34255
362 34436
363 34591
364 34707
365 34897
366 35032
367 35398
368 35523
369 35680
370 35814
371 36011
372 36123
373 36495
374 36627
375 36769
376 36906
377 37124
378 37228
379 37606
380 37725
381 37916
382 38107
383 38489
384 38594
385 38747
386 38940
387 39105
388 39268
389 39656
390 39757
391 39992
392 40112
393 40309
394 40506
395 40711
396 40809
397 41205
398 41404
399 41554
400 41668
401 42068
402 42216
403 42446
404 42616
405 42755
406 42900
407 43130
408 43238
409 43646
410 43795
411 44001
412 44174
413 44395
414 44522
415 44738
416 44865
417 45074
418 45224
419 45642
420 45736
421 46156
422 46367
423 46546
424 46701
425 46885
426 47042
427 47270
428 47450
429 47611
430 47764
431 48194
432 48301
433 48733
434 48887
435 49051
436 49234
437 49504
438 49666
439 50104
440 50228
441 50384
442 50542
443 50984
444 51120
445 51352
446 51575
447 51799
448 51932
449 52380
450 52493
451 52746
452 52936
453 53163
454 53390
455 53570
456 53687
457 54143
458 54372
459 54544
460 54689
461 55149
462 55275
463 55737
464 55896
465 56069
466 56302
467 56768
468 56887
469 57139
470 57308
471 57544
472 57717
473 57978
474 58153
475 58361
476 58508
477 58710
478 58949
479 59427
480 59534
481 59812
482 60053
483 60237
484 60409
485 60661
486 60811
487 61297
488 61476
489 61721
490 61866
491 62356
492 62505
493 62801
494 62975
495 63130
496 63300
497 63566
498 63750
499 64248
500 64407
501 64658
502 64909
503 65411
504 65523
505 65786
506 65974
507 66187
508 66400
509 66908
510 67045
511 67318
512 67496
513 67687
514 67944
515 68211
516 68365
517 68649
518 68833
519 69093
520 69232
521 69752
522 69912
523 70434
524 70654
525 70814
526 71077
527 71389
528 71514
529 71881
530 72072
531 72297
532 72460
533 72763
534 72960
535 73238
536 73435
537 73704
538 73973
539 74220
540 74338
541 74878
542 75149
543 75421
544 75597
545 75880
546 76029
547 76575
548 76805
549 77036
550 77207
551 77542
552 77685
553 77979
554 78256
555 78460
556 78693
557 79249
558 79417
559 79730
560 79866
561 80073
562 80354
563 80916
564 81086
565 81380
566 81663
567 81859
568 82066
569 82634
570 82780
571 83350
572 83526
573 83813
574 84017
575 84275
576 84412
577 84988
578 85225
579 85515
580 85696
581 86004
582 86218
583 86541
584 86754
585 86936
586 87229
587 87815
588 87967
589 88319
590 88531
591 88827
592 89026
593 89618
594 89779
595 90006
596 90256
597 90555
598 90770
599 91368
600 91501
601 92101
602 92315
603 92569
604 92822
605 93091
606 93314
607 93920
608 94108
609 94331
610 94550
611 94891
612 95044
613 95656
614 95963
615 96192
616 96356
617 96972
618 97200
619 97818
620 98008
621 98238
622 98549
623 98881
624 99035
625 99337
626 99650
627 99879
628 100142
629 100515
630 100658
631 101288
632 101519
633 101836
634 102153
635 102482
636 102672
637 102963
638 103193
639 103462
640 103633
641 104273
642 104509
643 105151
644 105348
645 105588
646 105830
647 106476
648 106634
649 106994
650 107196
651 107436
652 107709
653 108361
654 108602
655 108942
656 109161
657 109439
658 109671
659 110329
660 110476
661 111136
662 111467
663 111710
664 111952
665 112210
666 112411
667 112831
668 113111
669 113446
670 113686
671 114057
672 114209
673 114881
674 115218
675 115434
676 115672
677 116348
678 116598
679 116961
680 117143
681 117484
682 117726
683 118408
684 118581
685 118937
686 119181
687 119525
688 119756
689 120142
690 120318
691 121008
692 121298
693 121516
694 121863
695 122223
696 122407
697 122816
698 123165
699 123515
700 123693
701 124393
702 124578
703 125005
704 125210
705 125471
706 125824
707 126201
708 126414
709 127122
710 127377
711 127677
712 127936
713 128375
714 128567
715 128853
716 129153
717 129512
718 129871
719 130589
720 130736
721 131120
722 131414
723 131776
724 132079
725 132409
726 132632
727 133358
728 133556
729 133849
730 134110
731 134534
732 134754
733 135486
734 135853
735 136076
736 136298
737 136707
738 136929
739 137667
740 137893
741 138162
742 138425
743 139167
744 139364
745 139751
746 140124
747 140439
748 140664
749 141062
750 141250
751 142000
752 142250
753 142627
754 142906
755 143297
756 143464
757 144220
758 144599
759 144874
760 145083
761 145843
762 146123
763 146528
764 146848
765 147097
766 147480
767 147911
768 148106
769 148874
770 149074
771 149460
772 149783
773 150555
774 150787
775 151133
776 151415
777 151700
778 152089
779 152553
780 152723
781 153156
782 153435
783 153737
784 153961
785 154368
786 154657
787 155443
788 155773
789 156168
790 156449
791 156868
792 157042
793 157486
794 157883
795 158177
796 158510
797 159306
798 159526
799 159987
800 160191
801 160528
802 160929
803 161372
804 161614
805 161924
806 162212
807 162616
808 162909
809 163717
810 163906
811 164716
812 164972
813 165379
814 165668
815 166090
816 166289
817 166769
818 167178
819 167427
820 167680
821 168500
822 168802
823 169624
824 169924
825 170170
826 170461
827 171287
828 171492
829 172320
830 172618
831 173034
832 173270
833 173638
834 173945
835 174378
836 17463