1 1
2 2
3 2
4 4
5 4
6 6
7 6
8 6
9 6
10 6
11 6
12 12
13 12
14 12
15 12
16 12
17 12
18 36
19 36
20 60
21 60
22 60
23 60
24 24
25 24
26 24
27 24
28 24
29 24
30 60
31 60
32 60
33 60
34 60
35 60
36 60
37 60
38 60
39 60
40 120
41 120
42 120
43 120
44 120
45 120
46 120
47 120
48 120
49 120
50 120
51 120
52 120
53 120
54 120
55 120
56 120
57 120
58 120
59 120
60 120
61 120
62 120
63 120
64 120
65 120
66 120
67 120
68 120
69 120
70 120
71 120
72 360
73 360
74 360
75 360
76 360
77 360
78 360
79 360
80 240
81 240
82 240
83 240
84 240
85 240
86 240
87 240
88 240
89 240
90 360
91 360
92 360
93 360
94 360
95 360
96 360
97 360
98 360
99 360
100 360
101 360
102 360
103 360
104 360
105 360
106 360
107 360
108 360
109 360
110 360
111 360
112 360
113 360
114 360
115 360
116 360
117 360
118 360
119 360
120 360
121 360
122 360
123 360
124 360
125 360
126 360
127 360
128 360
129 360
130 360
131 360
132 360
133 360
134 360
135 360
136 360
137 360
138 360
139 360
140 840
141 840
142 840
143 840
144 720
145 720
146 720
147 720
148 720
149 720
150 720
151 720
152 720
153 720
154 720
155 720
156 720
157 720
158 720
159 720
160 720
161 720
162 720
163 720
164 720
165 720
166 720
167 720
168 840
169 840
170 840
171 840
172 840
173 840
174 840
175 840
176 840
177 840
178 840
179 840
180 2520
181 2520
182 2520
183 2520
184 2520
185 2520
186 2520
187 2520
188 2520
189 2520
190 2520
191 2520
192 2520
193 2520
194 2520
195 2520
196 2520
197 2520
198 2520
199 2520
200 2520
201 2520
202 2520
203 2520
204 2520
205 2520
206 2520
207 2520
208 2520
209 2520
210 2520
211 2520
212 2520
213 2520
214 2520
215 2520
216 2520
217 2520
218 2520
219 2520
220 2520
221 2520
222 2520
223 2520
224 2520
225 2520
226 2520
227 2520
228 2520
229 2520
230 2520
231 2520
232 2520
233 2520
234 2520
235 2520
236 2520
237 2520
238 2520
239 2520
240 1680
241 1680
242 1680
243 1680
244 1680
245 1680
246 1680
247 1680
248 1680
249 1680
250 1680
251 1680
252 2520
253 2520
254 2520
255 2520
256 2520
257 2520
258 2520
259 2520
260 2520
261 2520
262 2520
263 2520
264 2520
265 2520
266 2520
267 2520
268 2520
269 2520
270 2520
271 2520
272 2520
273 2520
274 2520
275 2520
276 2520
277 2520
278 2520
279 2520
280 2520
281 2520
282 2520
283 2520
284 2520
285 2520
286 2520
287 2520
288 2520
289 2520
290 2520
291 2520
292 2520
293 2520
294 2520
295 2520
296 2520
297 2520
298 2520
299 2520
300 2520
301 2520
302 2520
303 2520
304 2520
305 2520
306 2520
307 2520
308 2520
309 2520
310 2520
311 2520
312 2520
313 2520
314 2520
315 2520
316 2520
317 2520
318 2520
319 2520
320 2520
321 2520
322 2520
323 2520
324 2520
325 2520
326 2520
327 2520
328 2520
329 2520
330 2520
331 2520
332 2520
333 2520
334 2520
335 2520
336 5040
337 5040
338 5040
339 5040
340 5040
341 5040
342 5040
343 5040
344 5040
345 5040
346 5040
347 5040
348 5040
349 5040
350 5040
351 5040
352 5040
353 5040
354 5040
355 5040
356 5040
357 5040
358 5040
359 5040
360 5040
361 5040
362 5040
363 5040
364 5040
365 5040
366 5040
367 5040
368 5040
369 5040
370 5040
371 5040
372 5040
373 5040
374 5040
375 5040
376 5040
377 5040
378 5040
379 5040
380 5040
381 5040
382 5040
383 5040
384 5040
385 5040
386 5040
387 5040
388 5040
389 5040
390 5040
391 5040
392 5040
393 5040
394 5040
395 5040
396 5040
397 5040
398 5040
399 5040
400 5040
401 5040
402 5040
403 5040
404 5040
405 5040
406 5040
407 5040
408 5040
409 5040
410 5040
411 5040
412 5040
413 5040
414 5040
415 5040
416 5040
417 5040
418 5040
419 5040
420 5040
421 5040
422 5040
423 5040
424 5040
425 5040
426 5040
427 5040
428 5040
429 5040
430 5040
431 5040
432 5040
433 5040
434 5040
435 5040
436 5040
437 5040
438 5040
439 5040
440 5040
441 5040
442 5040
443 5040
444 5040
445 5040
446 5040
447 5040
448 5040
449 5040
450 5040
451 5040
452 5040
453 5040
454 5040
455 5040
456 5040
457 5040
458 5040
459 5040
460 5040
461 5040
462 5040
463 5040
464 5040
465 5040
466 5040
467 5040
468 5040
469 5040
470 5040
471 5040
472 5040
473 5040
474 5040
475 5040
476 5040
477 5040
478 5040
479 5040
480 5040
481 5040
482 5040
483 5040
484 5040
485 5040
486 5040
487 5040
488 5040
489 5040
490 5040
491 5040
492 5040
493 5040
494 5040
495 5040
496 5040
497 5040
498 5040
499 5040
500 5040
501 5040
502 5040
503 5040
504 5040
505 5040
506 5040
507 5040
508 5040
509 5040
510 5040
511 5040
512 5040
513 5040
514 5040
515 5040
516 5040
517 5040
518 5040
519 5040
520 5040
521 5040
522 5040
523 5040
524 5040
525 5040
526 5040
527 5040
528 5040
529 5040
530 5040
531 5040
532 5040
533 5040
534 5040
535 5040
536 5040
537 5040
538 5040
539 5040
540 5040
541 5040
542 5040
543 5040
544 5040
545 5040
546 5040
547 5040
548 5040
549 5040
550 5040
551 5040
552 5040
553 5040
554 5040
555 5040
556 5040
557 5040
558 5040
559 5040
560 5040
561 5040
562 5040
563 5040
564 5040
565 5040
566 5040
567 5040
568 5040
569 5040
570 5040
571 5040
572 5040
573 5040
574 5040
575 5040
576 5040
577 5040
578 5040
579 5040
580 5040
581 5040
582 5040
583 5040
584 5040
585 5040
586 5040
587 5040
588 5040
589 5040
590 5040
591 5040
592 5040
593 5040
594 5040
595 5040
596 5040
597 5040
598 5040
599 5040
600 5040
601 5040
602 5040
603 5040
604 5040
605 5040
606 5040
607 5040
608 5040
609 5040
610 5040
611 5040
612 5040
613 5040
614 5040
615 5040
616 5040
617 5040
618 5040
619 5040
620 5040
621 5040
622 5040
623 5040
624 5040
625 5040
626 5040
627 5040
628 5040
629 5040
630 5040
631 5040
632 5040
633 5040
634 5040
635 5040
636 5040
637 5040
638 5040
639 5040
640 5040
641 5040
642 5040
643 5040
644 5040
645 5040
646 5040
647 5040
648 5040
649 5040
650 5040
651 5040
652 5040
653 5040
654 5040
655 5040
656 5040
657 5040
658 5040
659 5040
660 5040
661 5040
662 5040
663 5040
664 5040
665 5040
666 5040
667 5040
668 5040
669 5040
670 5040
671 5040
672 10080
673 10080
674 10080
675 10080
676 10080
677 10080
678 10080
679 10080
680 10080
681 10080
682 10080
683 10080
684 10080
685 10080
686 10080
687 10080
688 10080
689 10080
690 10080
691 10080
692 10080
693 10080
694 10080
695 10080
696 10080
697 10080
698 10080
699 10080
700 10080
701 10080
702 10080
703 10080
704 10080
705 10080
706 10080
707 10080
708 10080
709 10080
710 10080
711 10080
712 10080
713 10080
714 10080
715 10080
716 10080
717 10080
718 10080
719 10080
720 10080
721 10080
722 10080
723 10080
724 10080
725 10080
726 10080
727 10080
728 10080
729 10080
730 10080
731 10080
732 10080
733 10080
734 10080
735 10080
736 10080
737 10080
738 10080
739 10080
740 10080
741 10080
742 10080
743 10080
744 10080
745 10080
746 10080
747 10080
748 10080
749 10080
750 10080
751 10080
752 10080
753 10080
754 10080
755 10080
756 10080
757 10080
758 10080
759 10080
760 10080
761 10080
762 10080
763 10080
764 10080
765 10080
766 10080
767 10080
768 10080
769 10080
770 10080
771 10080
772 10080
773 10080
774 10080
775 10080
776 10080
777 10080
778 10080
779 10080
780 10080
781 10080
782 10080
783 10080
784 10080
785 10080
786 10080
787 10080
788 10080
789 10080
790 10080
791 10080
792 27720
793 27720
794 27720
795 27720
796 27720
797 27720
798 27720
799 27720
800 27720
801 27720
802 27720
803 27720
804 27720
805 27720
806 27720
807 27720
808 27720
809 27720
810 27720
811 27720
812 27720
813 27720
814 27720
815 27720
816 27720
817 27720
818 27720
819 27720
820 27720
821 27720
822 27720
823 27720
824 27720
825 27720
826 27720
827 27720
828 27720
829 27720
830 27720
831 27720
832 27720
833 27720
834 27720
835 27720
836 27720
837 27720
838 27720
839 27720
840 27720
841 27720
842 27720
843 27720
844 27720
845 27720
846 27720
847 27720
848 27720
849 27720
850 27720
851 27720
852 27720
853 27720
854 27720
855 27720
856 27720
857 27720
858 27720
859 27720
860 27720
861 27720
862 27720
863 27720
864 27720
865 27720
866 27720
867 27720
868 27720
869 27720
870 27720
871 27720
872 27720
873 27720
874 27720
875 27720
876 27720
877 27720
878 27720
879 27720
880 27720
881 27720
882 27720
883 27720
884 27720
885 27720
886 27720
887 27720
888 27720
889 27720
890 27720
891 27720
892 27720
893 27720
894 27720
895 27720
896 27720
897 27720
898 27720
899 27720
900 27720
901 27720
902 27720
903 27720
904 27720
905 27720
906 27720
907 27720
908 27720
909 27720
910 27720
911 27720
912 27720
913 27720
914 27720
915 27720
916 27720
917 27720
918 27720
919 27720
920 27720
