1 1
2 2
3 2
4 3
5 3
6 4
7 4
8 4
9 4
10 4
11 4
12 6
13 6
14 6
15 6
16 6
17 6
18 7
19 7
20 8
21 8
22 8
23 8
24 8
25 8
26 8
27 8
28 8
29 8
30 10
31 10
32 10
33 10
34 10
35 10
36 10
37 10
38 10
39 10
40 12
41 12
42 12
43 12
44 12
45 12
46 12
47 12
48 12
49 12
50 12
51 12
52 12
53 12
54 12
55 12
56 12
57 12
58 12
59 12
60 14
61 14
62 14
63 14
64 14
65 14
66 14
67 14
68 14
69 14
70 14
71 14
72 16
73 16
74 16
75 16
76 16
77 16
78 16
79 16
80 16
81 16
82 16
83 16
84 16
85 16
86 16
87 16
88 16
89 16
90 18
91 18
92 18
93 18
94 18
95 18
96 18
97 18
98 18
99 18
100 18
101 18
102 18
103 18
104 18
105 18
106 18
107 18
108 18
109 18
110 18
111 18
112 18
113 18
114 18
115 18
116 18
117 18
118 18
119 18
120 20
121 20
122 20
123 20
124 20
125 20
126 20
127 20
128 20
129 20
130 20
131 20
132 20
133 20
134 20
135 20
136 20
137 20
138 20
139 20
140 22
141 22
142 22
143 22
144 22
145 22
146 22
147 22
148 22
149 22
150 22
151 22
152 22
153 22
154 22
155 22
156 22
157 22
158 22
159 22
160 22
161 22
162 22
163 22
164 22
165 22
166 22
167 22
168 24
169 24
170 24
171 24
172 24
173 24
174 24
175 24
176 24
177 24
178 24
179 24
180 26
181 26
182 26
183 26
184 26
185 26
186 26
187 26
188 26
189 26
190 26
191 26
192 26
193 26
194 26
195 26
196 26
197 26
198 26
199 26
200 26
201 26
202 26
203 26
204 26
205 26
206 26
207 26
208 26
209 26
210 28
211 28
212 28
213 28
214 28
215 28
216 28
217 28
218 28
219 28
220 28
221 28
222 28
223 28
224 28
225 28
226 28
227 28
228 28
229 28
230 28
231 28
232 28
233 28
234 28
235 28
236 28
237 28
238 28
239 28
240 28
241 28
242 28
243 28
244 28
245 28
246 28
247 28
248 28
249 28
250 28
251 28
252 30
253 30
254 30
255 30
256 30
257 30
258 30
259 30
260 30
261 30
262 30
263 30
264 30
265 30
266 30
267 30
268 30
269 30
270 30
271 30
272 30
273 30
274 30
275 30
276 30
277 30
278 30
279 30
280 32
281 32
282 32
283 32
284 32
285 32
286 32
287 32
288 32
289 32
290 32
291 32
292 32
293 32
294 32
295 32
296 32
297 32
298 32
299 32
300 32
301 32
302 32
303 32
304 32
305 32
306 32
307 32
308 32
309 32
310 32
311 32
312 32
313 32
314 32
315 34
316 34
317 34
318 34
319 34
320 34
321 34
322 34
323 34
324 34
325 34
326 34
327 34
328 34
329 34
330 34
331 34
332 34
333 34
334 34
335 34
336 36
337 36
338 36
339 36
340 36
341 36
342 36
343 36
344 36
345 36
346 36
347 36
348 36
349 36
350 36
351 36
352 36
353 36
354 36
355 36
356 36
357 36
358 36
359 36
360 38
361 38
362 38
363 38
364 38
365 38
366 38
367 38
368 38
369 38
370 38
371 38
372 38
373 38
374 38
375 38
376 38
377 38
378 38
379 38
380 38
381 38
382 38
383 38
384 38
385 38
386 38
387 38
388 38
389 38
390 38
391 38
392 38
393 38
394 38
395 38
396 38
397 38
398 38
399 38
400 38
401 38
402 38
403 38
404 38
405 38
406 38
407 38
408 38
409 38
410 38
411 38
412 38
413 38
414 38
415 38
416 38
417 38
418 38
419 38
420 40
421 40
422 40
423 40
424 40
425 40
426 40
427 40
428 40
429 40
430 40
431 40
432 40
433 40
434 40
435 40
436 40
437 40
438 40
439 40
440 40
441 40
442 40
443 40
444 40
445 40
446 40
447 40
448 40
449 40
450 40
451 40
452 40
453 40
454 40
455 40
456 40
457 40
458 40
459 40
460 40
461 40
462 40
463 40
464 40
465 40
466 40
467 40
468 40
469 40
470 40
471 40
472 40
473 40
474 40
475 40
476 40
477 40
478 40
479 40
480 40
481 40
482 40
483 40
484 40
485 40
486 40
487 40
488 40
489 40
490 40
491 40
492 40
493 40
494 40
495 40
496 40
497 40
498 40
499 40
500 40
501 40
502 40
503 40
504 42
505 42
506 42
507 42
508 42
509 42
510 42
511 42
512 42
513 42
514 42
515 42
516 42
517 42
518 42
519 42
520 42
521 42
522 42
523 42
524 42
525 42
526 42
527 42
528 42
529 42
530 42
531 42
532 42
533 42
534 42
535 42
536 42
537 42
538 42
539 42
540 42
541 42
542 42
543 42
544 42
545 42
546 42
547 42
548 42
549 42
550 42
551 42
552 42
553 42
554 42
555 42
556 42
557 42
558 42
559 42
560 44
561 44
562 44
563 44
564 44
565 44
566 44
567 44
568 44
569 44
570 44
571 44
572 44
573 44
574 44
575 44
576 44
577 44
578 44
579 44
580 44
581 44
582 44
583 44
584 44
585 44
586 44
587 44
588 44
589 44
590 44
591 44
592 44
593 44
594 44
595 44
596 44
597 44
598 44
599 44
600 44
601 44
602 44
603 44
604 44
605 44
606 44
607 44
608 44
609 44
610 44
611 44
612 44
613 44
614 44
615 44
616 44
617 44
618 44
619 44
620 44
621 44
622 44
623 44
624 44
625 44
626 44
627 44
628 44
629 44
630 46
631 46
632 46
633 46
634 46
635 46
636 46
637 46
638 46
639 46
640 46
641 46
642 46
643 46
644 46
645 46
646 46
647 46
648 46
649 46
650 46
651 46
652 46
653 46
654 46
655 46
656 46
657 46
658 46
659 46
660 46
661 46
662 46
663 46
664 46
665 46
666 46
667 46
668 46
669 46
670 46
671 46
672 48
673 48
674 48
675 48
676 48
677 48
678 48
679 48
680 48
681 48
682 48
683 48
684 48
685 48
686 48
687 48
688 48
689 48
690 48
691 48
692 48
693 48
694 48
695 48
696 48
697 48
698 48
699 48
700 48
701 48
702 48
703 48
704 48
705 48
706 48
707 48
708 48
709 48
710 48
711 48
712 48
713 48
714 48
715 48
716 48
717 48
718 48
719 48
720 50
721 50
722 50
723 50
724 50
725 50
726 50
727 50
728 50
729 50
730 50
731 50
732 50
733 50
734 50
735 50
736 50
737 50
738 50
739 50
740 50
741 50
742 50
743 50
744 50
745 50
746 50
747 50
748 50
749 50
750 50
751 50
752 50
753 50
754 50
755 50
756 50
757 50
758 50
759 50
760 50
761 50
762 50
763 50
764 50
765 50
766 50
767 50
768 50
769 50
770 50
771 50
772 50
773 50
774 50
775 50
776 50
777 50
778 50
779 50
780 50
781 50
782 50
783 50
784 50
785 50
786 50
787 50
788 50
789 50
790 50
791 50
792 52
793 52
794 52
795 52
796 52
797 52
798 52
799 52
800 52
801 52
802 52
803 52
804 52
805 52
806 52
807 52
808 52
809 52
810 52
811 52
812 52
813 52
814 52
815 52
816 52
817 52
818 52
819 52
820 52
821 52
822 52
823 52
824 52
825 52
826 52
827 52
828 52
829 52
830 52
831 52
832 52
833 52
834 52
835 52
836 52
837 52
838 52
839 52
840 54
841 54
842 54
843 54
844 54
845 54
846 54
847 54
848 54
849 54
850 54
851 54
852 54
853 54
854 54
855 54
856 54
857 54
858 54
859 54
860 54
861 54
862 54
863 54
864 54
865 54
866 54
867 54
868 54
869 54
870 54
871 54
872 54
873 54
874 54
875 54
876 54
877 54
878 54
879 54
880 54
881 54
882 54
883 54
884 54
885 54
886 54
887 54
888 54
889 54
890 54
891 54
892 54
893 54
894 54
895 54
896 54
897 54
898 54
899 54
900 54
901 54
902 54
903 54
904 54
905 54
906 54
907 54
908 54
909 54
910 54
911 54
912 54
913 54
914 54
915 54
916 54
917 54
918 54
919 54
920 54
921 54
922 54
923 54
924 56
925 56
926 56
927 56
928 56
929 56
930 56
931 56
932 56
933 56
934 56
935 56
936 56
937 56
938 56
939 56
940 56
941 56
942 56
943 56
944 56
945 56
946 56
947 56
948 56
949 56
950 56
951 56
952 56
953 56
954 56
955 56
956 56
957 56
958 56
959 56
960 56
961 56
962 56
963 56
964 56
965 56
966 56
967 56
968 56
969 56
970 56
971 56
972 56
973 56
974 56
975 56
976 56
977 56
978 56
979 56
980 56
981 56
982 56
983 56
984 56
985 56
986 56
987 56
988 56
989 56
990 58
991 58
992 58
993 58
994 58
995 58
996 58
997 58
998 58
999 58
1000 58
1001 58
1002 58
1003 58
1004 58
1005 58
1006 58
1007 58
1008 60
1009 60
1010 60
1011 60
1012 60
1013 60
1014 60
1015 60
1016 60
1017 60
1018 60
1019 60
1020 60
1021 60
1022 60
1023 60
1024 60
1025 60
1026 60
1027 60
1028 60
1029 60
1030 60
1031 60
1032 60
1033 60
1034 60
1035 60
1036 60
1037 60
1038 60
1039 60
1040 60
1041 60
1042 60
1043 60
1044 60
1045 60
1046 60
1047 60
1048 60
1049 60
1050 60
1051 60
1052 60
1053 60
1054 60
1055 60
1056 60
1057 60
1058 60
1059 60
1060 60
1061 60
1062 60
1063 60
1064 60
1065 60
1066 60
1067 60
1068 60
1069 60
1070 60
1071 60
1072 60
1073 60
1074 60
1075 60
1076 60
1077 60
1078 60
1079 60
1080 60
1081 60
1082 60
1083 60
1084 60
1085 60
1086 60
1087 60
1088 60
1089 60
1090 60
1091 60
1092 60
1093 60
1094 60
1095 60
1096 60
1097 60
1098 60
1099 60
1100 60
1101 60
1102 60
1103 60
1104 60
1105 60
1106 60
1107 60
1108 60
1109 60
1110 60
1111 60
1112 60
1113 60
1114 60
1115 60
1116 60
1117 60
1118 60
1119 60
1120 60
1121 60
1122 60
1123 60
1124 60
1125 60
1126 60
1127 60
1128 60
1129 60
1130 60
1131 60
1132 60
1133 60
1134 60
1135 60
1136 60
1137 60
1138 60
1139 60
1140 60
1141 60
1142 60
1143 60
1144 60
1145 60
1146 60
1147 60
1148 60
1149 60
1150 60
1151 60
1152 60
1153 60
1154 60
1155 62
1156 62
1157 62
1158 62
1159 62
1160 62
1161 62
1162 62
1163 62
1164 62
1165 62
1166 62
1167 62
1168 62
1169 62
1170 62
1171 62
1172 62
1173 62
1174 62
1175 62
1176 62
1177 62
1178 62
1179 62
1180 62
1181 62
1182 62
1183 62
1184 62
1185 62
1186 62
1187 62
1188 62
1189 62
1190 62
1191 62
1192 62
1193 62
1194 62
1195 62
1196 62
1197 62
1198 62
1199 62
1200 62
1201 62
1202 62
1203 62
1204 62
1205 62
1206 62
1207 62
1208 62
1209 62
1210 62
1211 62
1212 62
1213 62
1214 62
1215 62
1216 62
1217 62
1218 62
1219 62
1220 62
1221 62
1222 62
1223 62
1224 62
1225 62
1226 62
1227 62
1228 62
1229 62
1230 62
1231 62
1232 64
1233 64
1234 64
1235 64
1236 64
1237 64
1238 64
1239 64
1240 64
1241 64
1242 64
1243 64
1244 64
1245 64
1246 64
1247 64
1248 64
1249 64
1250 64
1251 64
1252 64
1253 64
1254 64
1255 64
1256 64
1257 64
1258 64
1259 64
1260 66
1261 66
1262 66
1263 66
1264 66
1265 66
1266 66
1267 66
1268 66
1269 66
1270 66
1271 66
1272 66
1273 66
1274 66
1275 66
1276 66
1277 66
1278 66
1279 66
1280 66
1281 66
1282 66
1283 66
1284 66
1285 66
1286 66
1287 66
1288 66
1289 66
1290 66
1291 66
1292 66
1293 66
1294 66
1295 66
1296 66
1297 66
1298 66
1299 66
1300 66
1301 66
1302 66
1303 66
1304 66
1305 66
1306 66
1307 66
1308 66
1309 66
1310 66
1311 66
1312 66
1313 66
1314 66
1315 66
1316 66
1317 66
1318 66
1319 66
1320 68
1321 68
1322 68
1323 68
1324 68
1325 68
1326 68
1327 68
1328 68
1329 68
1330 68
1331 68
1332 68
1333 68
1334 68
1335 68
1336 68
1337 68
1338 68
1339 68
1340 68
1341 68
1342 68
1343 68
1344 68
1345 68
1346 68
1347 68
1348 68
1349 68
1350 68
1351 68
1352 68
1353 68
1354 68
1355 68
1356 68
1357 68
1358 68
1359 68
1360 68
1361 68
1362 68
1363 68
1364 68
1365 68
1366 68
1367 68
1368 68
1369 68
1370 68
1371 68
1372 68
1373 68
1374 68
1375 68
1376 68
1377 68
1378 68
1379 68
1380 68
1381 68
1382 68
1383 68
1384 68
1385 68
1386 70
1387 70
1388 70
1389 70
1390 70
1391 70
1392 70
1393 70
1394 70
1395 70
1396 70
1397 70
1398 70
1399 70
1400 70
1401 70
1402 70
1403 70
1404 70
1405 70
1406 70
1407 70
1408 70
1409 70
1410 70
1411 70
1412 70
1413 70
1414 70
1415 70
1416 70
1417 70
1418 70
1419 70
1420 70
1421 70
1422 70
1423 70
1424 70
1425 70
1426 70
1427 70
1428 70
1429 70
1430 70
1431 70
1432 70
1433 70
1434 70
1435 70
1436 70
1437 70
1438 70
1439 70
1440 70
1441 70
1442 70
1443 70
1444 70
1445 70
1446 70
1447 70
1448 70
1449 70
1450 70
1451 70
1452 70
1453 70
1454 70
1455 70
1456 70
1457 70
1458 70
1459 70
1460 70
1461 70
1462 70
1463 70
1464 70
1465 70
1466 70
1467 70
1468 70
1469 70
1470 70
1471 70
1472 70
1473 70
1474 70
1475 70
1476 70
1477 70
1478 70
1479 70
1480 70
1481 70
1482 70
1483 70
1484 70
1485 70
1486 70
1487 70
1488 70
1489 70
1490 70
1491 70
1492 70
1493 70
1494 70
1495 70
1496 70
1497 70
1498 70
1499 70
1500 70
1501 70
1502 70
1503 70
1504 70
1505 70
1506 70
1507 70
1508 70
1509 70
1510 70
1511 70
1512 70
1513 70
1514 70
1515 70
1516 70
1517 70
1518 70
1519 70
1520 70
1521 70
1522 70
1523 70
1524 70
1525 70
1526 70
1527 70
1528 70
1529 70
1530 70
1531 70
1532 70
1533 70
1534 70
1535 70
1536 70
1537 70
1538 70
1539 70
1540 72
1541 72
1542 72
1543 72
1544 72
1545 72
1546 72
1547 72
1548 72
1549 72
1550 72
1551 72
1552 72
1553 72
1554 72
1555 72
1556 72
1557 72
1558 72
1559 72
1560 72
1561 72
1562 72
1563 72
1564 72
1565 72
1566 72
1567 72
1568 72
1569 72
1570 72
1571 72
1572 72
1573 72
1574 72
1575 72
1576 72
1577 72
1578 72
1579 72
1580 72
1581 72
1582 72
1583 72
1584 74
1585 74
1586 74
1587 74
1588 74
1589 74
1590 74
1591 74
1592 74
1593 74
1594 74
1595 74
1596 74
1597 74
1598 74
1599 74
1600 74
1601 74
1602 74
1603 74
1604 74
1605 74
1606 74
1607 74
1608 74
1609 74
1610 74
1611 74
1612 74
1613 74
1614 74
1615 74
1616 74
1617 74
1618 74
1619 74
1620 74
1621 74
1622 74
1623 74
1624 74
1625 74
1626 74
1627 74
1628 74
1629 74
1630 74
1631 74
1632 74
1633 74
1634 74
1635 74
1636 74
1637 74
1638 74
1639 74
1640 74
1641 74
1642 74
1643 74
1644 74
1645 74
1646 74
1647 74
1648 74
1649 74
1650 74
1651 74
1652 74
1653 74
1654 74
1655 74
1656 74
1657 74
1658 74
1659 74
1660 74
1661 74
1662 74
1663 74
1664 74
1665 74
1666 74
1667 74
1668 74
1669 74
1670 74
1671 74
1672 74
1673 74
1674 74
1675 74
1676 74
1677 74
1678 74
1679 74
1680 76
1681 76
1682 76
1683 76
1684 76
1685 76
1686 76
1687 76
1688 76
1689 76
1690 76
1691 76
1692 76
1693 76
1694 76
1695 76
1696 76
1697 76
1698 76
1699 76
1700 76
1701 76
1702 76
1703 76
1704 76
1705 76
1706 76
1707 76
1708 76
1709 76
1710 76
1711 76
1712 76
1713 76
1714 76
1715 76
1716 76
1717 76
1718 76
1719 76
1720 76
1721 76
1722 76
1723 76
1724 76
1725 76
1726 76
1727 76
1728 76
1729 76
1730 76
1731 76
1732 76
1733 76
1734 76
1735 76
1736 76
1737 76
1738 76
1739 76
1740 76
1741 76
1742 76
1743 76
1744 76
1745 76
1746 76
1747 76
1748 76
1749 76
1750 76
1751 76
1752 76
1753 76
1754 76
1755 76
1756 76
1757 76
1758 76
1759 76
1760 76
1761 76
1762 76
1763 76
1764 76
1765 76
1766 76
1767 76
1768 76
1769 76
1770 76
1771 76
1772 76
1773 76
1774 76
1775 76
1776 76
1777 76
1778 76
1779 76
1780 76
1781 76
1782 76
1783 76
1784 76
1785 76
1786 76
1787 76
1788 76
1789 76
1790 76
1791 76
1792 76
1793 76
1794 76
1795 76
1796 76
1797 76
1798 76
1799 76
1800 76
1801 76
1802 76
1803 76
1804 76
1805 76
1806 76
1807 76
1808 76
1809 76
1810 76
1811 76
1812 76
1813 76
1814 76
1815 76
1816 76
1817 76
1818 76
1819 76
1820 76
1821 76
1822 76
1823 76
1824 76
1825 76
1826 76
1827 76
1828 76
1829 76
1830 76
1831 76
1832 76
1833 76
1834 76
1835 76
1836 76
1837 76
1838 76
1839 76
1840 76
1841 76
1842 76
1843 76
1844 76
1845 76
1846 76
1847 76
1848 78
1849 78
1850 78
1851 78
1852 78
1853 78
1854 78
1855 78
1856 78
1857 78
1858 78
1859 78
1860 78
1861 78
1862 78
1863 78
1864 78
1865 78
1866 78
1867 78
1868 78
1869 78
1870 78
1871 78
1872 78
1873 78
1874 78
1875 78
1876 78
1877 78
1878 78
1879 78
1880 78
1881 78
1882 78
1883 78
1884 78
1885 78
1886 78
1887 78
1888 78
1889 78
1890 78
1891 78
1892 78
1893 78
1894 78
1895 78
1896 78
1897 78
1898 78
1899 78
1900 78
1901 78
1902 78
1903 78
1904 78
1905 78
1906 78
1907 78
1908 78
1909 78
1910 78
1911 78
1912 78
1913 78
1914 78
1915 78
1916 78
1917 78
1918 78
1919 78
1920 78
1921 78
1922 78
1923 78
1924 78
1925 78
1926 78
1927 78
1928 78
1929 78
1930 78
1931 78
1932 78
1933 78
1934 78
1935 78
1936 78
1937 78
1938 78
1939 78
1940 78
1941 78
1942 78
1943 78
1944 78
1945 78
1946 78
1947 78
1948 78
1949 78
1950 78
1951 78
1952 78
1953 78
1954 78
1955 78
1956 78
1957 78
1958 78
1959 78
1960 78
1961 78
1962 78
1963 78
1964 78
1965 78
1966 78
1967 78
1968 78
1969 78
1970 78
1971 78
1972 78
1973 78
1974 78
1975 78
1976 78
1977 78
1978 78
1979 78
1980 80
1981 80
1982 80
1983 80
1984 80
1985 80
1986 80
1987 80
1988 80
1989 80
1990 80
1991 80
1992 80
1993 80
1994 80
1995 80
1996 80
1997 80
1998 80
1999 80
2000 80
2001 80
2002 80
2003 80
2004 80
2005 80
2006 80
2007 80
2008 80
2009 80
2010 80
2011 80
2012 80
2013 80
2014 80
2015 80
2016 82
2017 82
2018 82
2019 82
2020 82
2021 82
2022 82
2023 82
2024 82
2025 82
2026 82
2027 82
2028 82
2029 82
2030 82
2031 82
2032 82
2033 82
2034 82
2035 82
2036 82
2037 82
2038 82
2039 82
2040 82
2041 82
2042 82
2043 82
2044 82
2045 82
2046 82
2047 82
2048 82
2049 82
2050 82
2051 82
2052 82
2053 82
2054 82
2055 82
2056 82
2057 82
2058 82
2059 82
2060 82
2061 82
2062 82
2063 82
2064 82
2065 82
2066 82
2067 82
2068 82
2069 82
2070 82
2071 82
2072 82
2073 82
2074 82
2075 82
2076 82
2077 82
2078 82
2079 82
2080 82
2081 82
2082 82
2083 82
2084 82
2085 82
2086 82
2087 82
2088 82
2089 82
2090 82
2091 82
2092 82
2093 82
2094 82
2095 82
2096 82
2097 82
2098 82
2099 82
2100 82
2101 82
2102 82
2103 82
2104 82
2105 82
2106 82
2107 82
2108 82
2109 82
2110 82
2111 82
2112 82
2113 82
2114 82
2115 82
2116 82
2117 82
2118 82
2119 82
2120 82
2121 82
2122 82
2123 82
2124 82
2125 82
2126 82
2127 82
2128 82
2129 82
2130 82
2131 82
2132 82
2133 82
2134 82
2135 82
2136 82
2137 82
2138 82
2139 82
2140 82
2141 82
2142 82
2143 82
2144 82
2145 82
2146 82
2147 82
2148 82
2149 82
2150 82
2151 82
2152 82
2153 82
2154 82
2155 82
2156 82
2157 82
2158 82
2159 82
2160 82
2161 82
2162 82
2163 82
2164 82
2165 82
2166 82
2167 82
2168 82
2169 82
2170 82
2171 82
2172 82
2173 82
2174 82
2175 82
2176 82
2177 82
2178 82
2179 82
2180 82
2181 82
2182 82
2183 82
2184 82
2185 82
2186 82
2187 82
2188 82
2189 82
2190 82
2191 82
2192 82
2193 82
2194 82
2195 82
2196 82
2197 82
2198 82
2199 82
2200 82
2201 82
2202 82
2203 82
2204 82
2205 82
2206 82
2207 82
2208 82
2209 82
2210 82
2211 82
2212 82
2213 82
2214 82
2215 82
2216 82
2217 82
2218 82
2219 82
2220 82
2221 82
2222 82
2223 82
2224 82
2225 82
2226 82
2227 82
2228 82
2229 82
2230 82
2231 82
2232 82
2233 82
2234 82
2235 82
2236 82
2237 82
2238 82
2239 82
2240 82
2241 82
2242 82
2243 82
2244 82
2245 82
2246 82
2247 82
2248 82
2249 82
2250 82
2251 82
2252 82
2253 82
2254 82
2255 82
2256 82
2257 82
2258 82
2259 82
2260 82
2261 82
2262 82
2263 82
2264 82
2265 82
2266 82
2267 82
2268 82
2269 82
2270 82
2271 82
2272 82
2273 82
2274 82
2275 82
2276 82
2277 82
2278 82
2279 82
2280 82
2281 82
2282 82
2283 82
2284 82
2285 82
2286 82
2287 82
2288 82
2289 82
2290 82
2291 82
2292 82
2293 82
2294 82
2295 82
2296 82
2297 82
2298 82
2299 82
2300 82
2301 82
2302 82
2303 82
2304 82
2305 82
2306 82
2307 82
2308 82
2309 82
2310 84
2311 84
2312 84
2313 84
2314 84
2315 84
2316 84
2317 84
2318 84
2319 84
2320 84
2321 84
2322 84
2323 84
2324 84
2325 84
2326 84
2327 84
2328 84
2329 84
2330 84
2331 84
2332 84
2333 84
2334 84
2335 84
2336 84
2337 84
2338 84
2339 84
2340 84
2341 84
2342 84
2343 84
2344 84
2345 84
2346 84
2347 84
2348 84
2349 84
2350 84
2351 84
2352 84
2353 84
2354 84
2355 84
2356 84
2357 84
2358 84
2359 84
2360 84
2361 84
2362 84
2363 84
2364 84
2365 84
2366 84
2367 84
2368 84
2369 84
2370 84
2371 84
2372 84
2373 84
2374 84
2375 84
2376 86
2377 86
2378 86
2379 86
2380 86
2381 86
2382 86
2383 86
2384 86
2385 86
2386 86
2387 86
2388 86
2389 86
2390 86
2391 86
2392 86
2393 86
2394 86
2395 86
2396 86
2397 86
2398 86
2399 86
2400 86
2401 86
2402 86
2403 86
2404 86
2405 86
2406 86
2407 86
2408 86
2409 86
2410 86
2411 86
2412 86
2413 86
2414 86
2415 86
2416 86
2417 86
2418 86
2419 86
2420 86
2421 86
2422 86
2423 86
2424 86
2425 86
2426 86
2427 86
2428 86
2429 86
2430 86
2431 86
2432 86
2433 86
2434 86
2435 86
2436 86
2437 86
2438 86
2439 86
2440 86
2441 86
2442 86
2443 86
2444 86
2445 86
2446 86
2447 86
2448 86
2449 86
2450 86
2451 86
2452 86
2453 86
2454 86
2455 86
2456 86
2457 86
2458 86
2459 86
2460 86
2461 86
2462 86
2463 86
2464 86
2465 86
2466 86
2467 86
2468 86
2469 86
2470 86
2471 86
2472 86
2473 86
2474 86
2475 86
2476 86
2477 86
2478 86
2479 86
2480 86
2481 86
2482 86
2483 86
2484 86
2485 86
2486 86
2487 86
2488 86
2489 86
2490 86
2491 86
2492 86
2493 86
2494 86
2495 86
2496 86
2497 86
2498 86
2499 86
2500 86
2501 86
2502 86
2503 86
2504 86
2505 86
2506 86
2507 86
2508 86
2509 86
2510 86
2511 86
2512 86
2513 86
2514 86
2515 86
2516 86
2517 86
2518 86
2519 86
2520 88
2521 88
2522 88
2523 88
2524 88
2525 88
2526 88
2527 88
2528 88
2529 88
2530 88
2531 88
2532 88
2533 88
2534 88
2535 88
2536 88
2537 88
2538 88
2539 88
2540 88
2541 88
2542 88
2543 88
2544 88
2545 88
2546 88
2547 88
2548 88
2549 88
2550 88
2551 88
2552 88
2553 88
2554 88
2555 88
2556 88
2557 88
2558 88
2559 88
2560 88
2561 88
2562 88
2563 88
2564 88
2565 88
2566 88
2567 88
2568 88
2569 88
2570 88
2571 88
2572 88
2573 88
2574 88
2575 88
2576 88
2577 88
2578 88
2579 88
2580 88
2581 88
2582 88
2583 88
2584 88
2585 88
2586 88
2587 88
2588 88
2589 88
2590 88
2591 88
2592 88
2593 88
2594 88
2595 88
2596 88
2597 88
2598 88
2599 88
2600 88
2601 88
2602 88
2603 88
2604 88
2605 88
2606 88
2607 88
2608 88
2609 88
2610 88
2611 88
2612 88
2613 88
2614 88
2615 88
2616 88
2617 88
2618 88
2619 88
2620 88
2621 88
2622 88
2623 88
2624 88
2625 88
2626 88
2627 88
2628 88
2629 88
2630 88
2631 88
2632 88
2633 88
2634 88
2635 88
2636 88
2637 88
2638 88
2639 88
2640 90
2641 90
2642 90
2643 90
2644 90
2645 90
2646 90
2647 90
2648 90
2649 90
2650 90
2651 90
2652 90
2653 90
2654 90
2655 90
2656 90
2657 90
2658 90
2659 90
2660 90
2661 90
2662 90
2663 90
2664 90
2665 90
2666 90
2667 90
2668 90
2669 90
2670 90
2671 90
2672 90
2673 90
2674 90
2675 90
2676 90
2677 90
2678 90
2679 90
2680 90
2681 90
2682 90
2683 90
2684 90
2685 90
2686 90
2687 90
2688 90
2689 90
2690 90
2691 90
2692 90
2693 90
2694 90
2695 90
2696 90
2697 90
2698 90
2699 90
2700 90
2701 90
2702 90
2703 90
2704 90
2705 90
2706 90
2707 90
2708 90
2709 90
2710 90
2711 90
2712 90
2713 90
2714 90
2715 90
2716 90
2717 90
2718 90
2719 90
2720 90
2721 90
2722 90
2723 90
2724 90
2725 90
2726 90
2727 90
2728 90
2729 90
2730 90
2731 90
2732 90
2733 90
2734 90
2735 90
2736 90
2737 90
2738 90
2739 90
2740 90
2741 90
2742 90
2743 90
2744 90
2745 90
2746 90
2747 90
2748 90
2749 90
2750 90
2751 90
2752 90
2753 90
2754 90
2755 90
2756 90
2757 90
2758 90
2759 90
2760 90
2761 90
2762 90
2763 90
2764 90
2765 90
2766 90
2767 90
2768 90
2769 90
2770 90
2771 90
2772 92
2773 92
2774 92
2775 92
2776 92
2777 92
2778 92
2779 92
2780 92
2781 92
2782 92
2783 92
2784 92
2785 92
2786 92
2787 92
2788 92
2789 92
2790 92
2791 92
2792 92
2793 92
2794 92
2795 92
2796 92
2797 92
2798 92
2799 92
2800 92
2801 92
2802 92
2803 92
2804 92
2805 92
2806 92
2807 92
2808 92
2809 92
2810 92
2811 92
2812 92
2813 92
2814 92
2815 92
2816 92
2817 92
2818 92
2819 92
2820 92
2821 92
2822 92
2823 92
2824 92
2825 92
2826 92
2827 92
2828 92
2829 92
2830 92
2831 92
2832 92
2833 92
2834 92
2835 92
2836 92
2837 92
2838 92
2839 92
2840 92
2841 92
2842 92
2843 92
2844 92
2845 92
2846 92
2847 92
2848 92
2849 92
2850 92
2851 92
2852 92
2853 92
2854 92
2855 92
2856 92
2857 92
2858 92
2859 92
2860 92
2861 92
2862 92
2863 92
2864 92
2865 92
2866 92
2867 92
2868 92
2869 92
2870 92
2871 92
2872 92
2873 92
2874 92
2875 92
2876 92
2877 92
2878 92
2879 92
2880 92
2881 92
2882 92
2883 92
2884 92
2885 92
2886 92
2887 92
2888 92
2889 92
2890 92
2891 92
2892 92
2893 92
2894 92
2895 92
2896 92
2897 92
2898 92
2899 92
2900 92
2901 92
2902 92
2903 92
2904 92
2905 92
2906 92
2907 92
2908 92
2909 92
2910 92
2911 92
2912 92
2913 92
2914 92
2915 92
2916 92
2917 92
2918 92
2919 92
2920 92
2921 92
2922 92
2923 92
2924 92
2925 92
2926 92
2927 92
2928 92
2929 92
2930 92
2931 92
2932 92
2933 92
2934 92
2935 92
2936 92
2937 92
2938 92
2939 92
2940 92
2941 92
2942 92
2943 92
2944 92
2945 92
2946 92
2947 92
2948 92
2949 92
2950 92
2951 92
2952 92
2953 92
2954 92
2955 92
2956 92
2957 92
2958 92
2959 92
2960 92
2961 92
2962 92
2963 92
2964 92
2965 92
2966 92
2967 92
2968 92
2969 92
2970 94
2971 94
2972 94
2973 94
2974 94
2975 94
2976 94
2977 94
2978 94
2979 94
2980 94
2981 94
2982 94
2983 94
2984 94
2985 94
2986 94
2987 94
2988 94
2989 94
2990 94
2991 94
2992 94
2993 94
2994 94
2995 94
2996 94
2997 94
2998 94
2999 94
3000 94
3001 94
3002 94
3003 94
3004 94
3005 94
3006 94
3007 94
3008 94
3009 94
3010 94
3011 94
3012 94
3013 94
3014 94
3015 94
3016 94
3017 94
3018 94
3019 94
3020 94
3021 94
3022 94
3023 94
3024 96
3025 96
3026 96
3027 96
3028 96
3029 96
3030 96
3031 96
3032 96
3033 96
3034 96
3035 96
3036 96
3037 96
3038 96
3039 96
3040 96
3041 96
3042 96
3043 96
3044 96
3045 96
3046 96
3047 96
3048 96
3049 96
3050 96
3051 96
3052 96
3053 96
3054 96
3055 96
3056 96
3057 96
3058 96
3059 96
3060 96
3061 96
3062 96
3063 96
3064 96
3065 96
3066 96
3067 96
3068 96
3069 96
3070 96
3071 96
3072 96
3073 96
3074 96
3075 96
3076 96
3077 96
3078 96
3079 96
3080 98
3081 98
3082 98
3083 98
3084 98
3085 98
3086 98
3087 98
3088 98
3089 98
3090 98
3091 98
3092 98
3093 98
3094 98
3095 98
3096 98
3097 98
3098 98
3099 98
3100 98
3101 98
3102 98
3103 98
3104 98
3105 98
3106 98
3107 98
3108 98
3109 98
3110 98
3111 98
3112 98
3113 98
3114 98
3115 98
3116 98
3117 98
3118 98
3119 98
3120 98
3121 98
3122 98
3123 98
3124 98
3125 98
3126 98
3127 98
3128 98
3129 98
3130 98
3131 98
3132 98
3133 98
3134 98
3135 98
3136 98
3137 98
3138 98
3139 98
3140 98
3141 98
3142 98
3143 98
3144 98
3145 98
3146 98
3147 98
3148 98
3149 98
3150 98
3151 98
3152 98
3153 98
3154 98
3155 98
3156 98
3157 98
3158 98
3159 98
3160 98
3161 98
3162 98
3163 98
3164 98
3165 98
3166 98
3167 98
3168 98
3169 98
3170 98
3171 98
3172 98
3173 98
3174 98
3175 98
3176 98
3177 98
3178 98
3179 98
3180 98
3181 98
3182 98
3183 98
3184 98
3185 98
3186 98
3187 98
3188 98
3189 98
3190 98
3191 98
3192 98
3193 98
3194 98
3195 98
3196 98
3197 98
3198 98
3199 98
3200 98
3201 98
3202 98
3203 98
3204 98
3205 98
3206 98
3207 98
3208 98
3209 98
3210 98
3211 98
3212 98
3213 98
3214 98
3215 98
3216 98
3217 98
3218 98
3219 98
3220 98
3221 98
3222 98
3223 98
3224 98
3225 98
3226 98
3227 98
3228 98
3229 98
3230 98
3231 98
3232 98
3233 98
3234 98
3235 98
3236 98
3237 98
3238 98
3239 98
3240 98
3241 98
3242 98
3243 98
3244 98
3245 98
3246 98
3247 98
3248 98
3249 98
3250 98
3251 98
3252 98
3253 98
3254 98
3255 98
3256 98
3257 98
3258 98
3259 98
3260 98
3261 98
3262 98
3263 98
3264 98
3265 98
3266 98
3267 98
3268 98
3269 98
3270 98
3271 98
3272 98
3273 98
3274 98
3275 98
3276 98
3277 98
3278 98
3279 98
3280 98
3281 98
3282 98
3283 98
3284 98
3285 98
3286 98
3287 98
3288 98
3289 98
3290 98
3291 98
3292 98
3293 98
3294 98
3295 98
3296 98
3297 98
3298 98
3299 98
3300 98
3301 98
3302 98
3303 98
3304 98
3305 98
3306 98
3307 98
3308 98
3309 98
3310 98
3311 98
3312 98
3313 98
3314 98
3315 98
3316 98
3317 98
3318 98
3319 98
3320 98
3321 98
3322 98
3323 98
3324 98
3325 98
3326 98
3327 98
3328 98
3329 98
3330 98
3331 98
3332 98
3333 98
3334 98
3335 98
3336 98
3337 98
3338 98
3339 98
3340 98
3341 98
3342 98
3343 98
3344 98
3345 98
3346 98
3347 98
3348 98
3349 98
3350 98
3351 98
3352 98
3353 98
3354 98
3355 98
3356 98
3357 98
3358 98
3359 98
3360 100
3361 100
3362 100
3363 100
3364 100
3365 100
3366 100
3367 100
3368 100
3369 100
3370 100
3371 100
3372 100
3373 100
3374 100
3375 100
3376 100
3377 100
3378 100
3379 100
3380 100
3381 100
3382 100
3383 100
3384 100
3385 100
3386 100
3387 100
3388 100
3389 100
3390 100
3391 100
3392 100
3393 100
3394 100
3395 100
3396 100
3397 100
3398 100
3399 100
3400 100
3401 100
3402 100
3403 100
3404 100
3405 100
3406 100
3407 100
3408 100
3409 100
3410 100
3411 100
3412 100
3413 100
3414 100
3415 100
3416 100
3417 100
3418 100
3419 100
3420 100
3421 100
3422 100
3423 100
3424 100
3425 100
3426 100
3427 100
3428 100
3429 100
3430 100
3431 100
3432 100
3433 100
3434 100
3435 100
3436 100
3437 100
3438 100
3439 100
3440 100
3441 100
3442 100
3443 100
3444 100
3445 100
3446 100
3447 100
3448 100
3449 100
3450 100
3451 100
3452 100
3453 100
3454 100
3455 100
3456 100
3457 100
3458 100
3459 100
3460 100
3461 100
3462 100
3463 100
3464 100
3465 102
3466 102
3467 102
3468 102
3469 102
3470 102
3471 102
3472 102
3473 102
3474 102
3475 102
3476 102
3477 102
3478 102
3479 102
3480 102
3481 102
3482 102
3483 102
3484 102
3485 102
3486 102
3487 102
3488 102
3489 102
3490 102
3491 102
3492 102
3493 102
3494 102
3495 102
3496 102
3497 102
3498 102
3499 102
3500 102
3501 102
3502 102
3503 102
3504 102
3505 102
3506 102
3507 102
3508 102
3509 102
3510 102
3511 102
3512 102
3513 102
3514 102
3515 102
3516 102
3517 102
3518 102
3519 102
3520 102
3521 102
3522 102
3523 102
3524 102
3525 102
3526 102
3527 102
3528 102
3529 102
3530 102
3531 102
3532 102
3533 102
3534 102
3535 102
3536 102
3537 102
3538 102
3539 102
3540 102
3541 102
3542 102
3543 102
3544 102
3545 102
3546 102
3547 102
3548 102
3549 102
3550 102
3551 102
3552 102
3553 102
3554 102
3555 102
3556 102
3557 102
3558 102
3559 102
3560 102
3561 102
3562 102
3563 102
3564 102
3565 102
3566 102
3567 102
3568 102
3569 102
3570 102
3571 102
3572 102
3573 102
3574 102
3575 102
3576 102
3577 102
3578 102
3579 102
3580 102
3581 102
3582 102
3583 102
3584 102
3585 102
3586 102
3587 102
3588 102
3589 102
3590 102
3591 102
3592 102
3593 102
3594 102
3595 102
3596 102
3597 102
3598 102
3599 102
3600 102
3601 102
3602 102
3603 102
3604 102
3605 102
3606 102
3607 102
3608 102
3609 102
3610 102
3611 102
3612 102
3613 102
3614 102
3615 102
3616 102
3617 102
3618 102
3619 102
3620 102
3621 102
3622 102
3623 102
3624 102
3625 102
3626 102
3627 102
3628 102
3629 102
3630 102
3631 102
3632 102
3633 102
3634 102
3635 102
3636 102
3637 102
3638 102
3639 102
3640 102
3641 102
3642 102
3643 102
3644 102
3645 102
3646 102
3647 102
3648 102
3649 102
3650 102
3651 102
3652 102
3653 102
3654 102
3655 102
3656 102
3657 102
3658 102
3659 102
3660 102
3661 102
3662 102
3663 102
3664 102
3665 102
3666 102
3667 102
3668 102
3669 102
3670 102
3671 102
3672 102
3673 102
3674 102
3675 102
3676 102
3677 102
3678 102
3679 102
3680 102
3681 102
3682 102
3683 102
3684 102
3685 102
3686 102
3687 102
3688 102
3689 102
3690 102
3691 102
3692 102
3693 102
3694 102
3695 102
3696 104
3697 104
3698 104
3699 104
3700 104
3701 104
3702 104
3703 104
3704 104
3705 104
3706 104
3707 104
3708 104
3709 104
3710 104
3711 104
3712 104
3713 104
3714 104
3715 104
3716 104
3717 104
3718 104
3719 104
3720 104
3721 104
3722 104
3723 104
3724 104
3725 104
3726 104
3727 104
3728 104
3729 104
3730 104
3731 104
3732 104
3733 104
3734 104
3735 104
3736 104
3737 104
3738 104
3739 104
3740 104
3741 104
3742 104
3743 104
3744 104
3745 104
3746 104
3747 104
3748 104
3749 104
3750 104
3751 104
3752 104
3753 104
3754 104
3755 104
3756 104
3757 104
3758 104
3759 104
3760 104
3761 104
3762 104
3763 104
3764 104
3765 104
3766 104
3767 104
3768 104
3769 104
3770 104
3771 104
3772 104
3773 104
3774 104
3775 104
3776 104
3777 104
3778 104
3779 104
3780 106
3781 106
3782 106
3783 106
3784 106
3785 106
3786 106
3787 106
3788 106
3789 106
3790 106
3791 106
3792 106
3793 106
3794 106
3795 106
3796 106
3797 106
3798 106
3799 106
3800 106
3801 106
3802 106
3803 106
3804 106
3805 106
3806 106
3807 106
3808 106
3809 106
3810 106
3811 106
3812 106
3813 106
3814 106
3815 106
3816 106
3817 106
3818 106
3819 106
3820 106
3821 106
3822 106
3823 106
3824 106
3825 106
3826 106
3827 106
3828 106
3829 106
3830 106
3831 106
3832 106
3833 106
3834 106
3835 106
3836 106
3837 106
3838 106
3839 106
3840 106
3841 106
3842 106
3843 106
3844 106
3845 106
3846 106
3847 106
3848 106
3849 106
3850 106
3851 106
3852 106
3853 106
3854 106
3855 106
3856 106
3857 106
3858 106
3859 106
3860 106
3861 106
3862 106
3863 106
3864 106
3865 106
3866 106
3867 106
3868 106
3869 106
3870 106
3871 106
3872 106
3873 106
3874 106
3875 106
3876 106
3877 106
3878 106
3879 106
3880 106
3881 106
3882 106
3883 106
3884 106
3885 106
3886 106
3887 106
3888 106
3889 106
3890 106
3891 106
3892 106
3893 106
3894 106
3895 106
3896 106
3897 106
3898 106
3899 106
3900 106
3901 106
3902 106
3903 106
3904 106
3905 106
3906 106
3907 106
3908 106
3909 106
3910 106
3911 106
3912 106
3913 106
3914 106
3915 106
3916 106
3917 106
3918 106
3919 106
3920 106
3921 106
3922 106
3923 106
3924 106
3925 106
3926 106
3927 106
3928 106
3929 106
3930 106
3931 106
3932 106
3933 106
3934 106
3935 106
3936 106
3937 106
3938 106
3939 106
3940 106
3941 106
3942 106
3943 106
3944 106
3945 106
3946 106
3947 106
3948 106
3949 106
3950 106
3951 106
3952 106
3953 106
3954 106
3955 106
3956 106
3957 106
3958 106
3959 106
3960 108
3961 108
3962 108
3963 108
3964 108
3965 108
3966 108
3967 108
3968 108
3969 108
3970 108
3971 108
3972 108
3973 108
3974 108
3975 108
3976 108
3977 108
3978 108
3979 108
3980 108
3981 108
3982 108
3983 108
3984 108
3985 108
3986 108
3987 108
3988 108
3989 108
3990 108
3991 108
3992 108
3993 108
3994 108
3995 108
3996 108
3997 108
3998 108
3999 108
4000 108
4001 108
4002 108
4003 108
4004 108
4005 108
4006 108
4007 108
4008 108
4009 108
4010 108
4011 108
4012 108
4013 108
4014 108
4015 108
4016 108
4017 108
4018 108
4019 108
4020 108
4021 108
4022 108
4023 108
4024 108
4025 108
4026 108
4027 108
4028 108
4029 108
4030 108
4031 108
4032 108
4033 108
4034 108
4035 108
4036 108
4037 108
4038 108
4039 108
4040 108
4041 108
4042 108
4043 108
4044 108
4045 108
4046 108
4047 108
4048 108
4049 108
4050 108
4051 108
4052 108
4053 108
4054 108
4055 108
4056 108
4057 108
4058 108
4059 108
4060 108
4061 108
4062 108
4063 108
4064 108
4065 108
4066 108
4067 108
4068 108
4069 108
4070 108
4071 108
4072 108
4073 108
4074 108
4075 108
4076 108
4077 108
4078 108
4079 108
4080 108
4081 108
4082 108
4083 108
4084 108
4085 108
4086 108
4087 108
4088 108
4089 108
4090 108
4091 108
4092 108
4093 108
4094 108
4095 108
4096 108
4097 108
4098 108
4099 108
4100 108
4101 108
4102 108
4103 108
4104 108
4105 108
4106 108
4107 108
4108 108
4109 108
4110 108
4111 108
4112 108
4113 108
4114 108
4115 108
4116 108
4117 108
4118 108
4119 108
4120 108
4121 108
4122 108
4123 108
4124 108
4125 108
4126 108
4127 108
4128 108
4129 108
4130 108
4131 108
4132 108
4133 108
4134 108
4135 108
4136 108
4137 108
4138 108
4139 108
4140 108
4141 108
4142 108
4143 108
4144 108
4145 108
4146 108
4147 108
4148 108
4149 108
4150 108
4151 108
4152 108
4153 108
4154 108
4155 108
4156 108
4157 108
4158 110
4159 110
4160 110
4161 110
4162 110
4163 110
4164 110
4165 110
4166 110
4167 110
4168 110
4169 110
4170 110
4171 110
4172 110
4173 110
4174 110
4175 110
4176 110
4177 110
4178 110
4179 110
4180 110
4181 110
4182 110
4183 110
4184 110
4185 110
4186 110
4187 110
4188 110
4189 110
4190 110
4191 110
4192 110
4193 110
4194 110
4195 110
4196 110
4197 110
4198 110
4199 110
4200 110
4201 110
4202 110
4203 110
4204 110
4205 110
4206 110
4207 110
4208 110
4209 110
4210 110
4211 110
4212 110
4213 110
4214 110
4215 110
4216 110
4217 110
4218 110
4219 110
4220 110
4221 110
4222 110
4223 110
4224 110
4225 110
4226 110
4227 110
4228 110
4229 110
4230 110
4231 110
4232 110
4233 110
4234 110
4235 110
4236 110
4237 110
4238 110
4239 110
4240 110
4241 110
4242 110
4243 110
4244 110
4245 110
4246 110
4247 110
4248 110
4249 110
4250 110
4251 110
4252 110
4253 110
4254 110
4255 110
4256 110
4257 110
4258 110
4259 110
4260 110
4261 110
4262 110
4263 110
4264 110
4265 110
4266 110
4267 110
4268 110
4269 110
4270 110
4271 110
4272 110
4273 110
4274 110
4275 110
4276 110
4277 110
4278 110
4279 110
4280 110
4281 110
4282 110
4283 110
4284 110
4285 110
4286 110
4287 110
4288 110
4289 110
4290 110
4291 110
4292 110
4293 110
4294 110
4295 110
4296 110
4297 110
4298 110
4299 110
4300 110
4301 110
4302 110
4303 110
4304 110
4305 110
4306 110
4307 110
4308 110
4309 110
4310 110
4311 110
4312 110
4313 110
4314 110
4315 110
4316 110
4317 110
4318 110
4319 110
4320 112
4321 112
4322 112
4323 112
4324 112
4325 112
4326 112
4327 112
4328 112
4329 112
4330 112
4331 112
4332 112
4333 112
4334 112
4335 112
4336 112
4337 112
4338 112
4339 112
4340 112
4341 112
4342 112
4343 112
4344 112
4345 112
4346 112
4347 112
4348 112
4349 112
4350 112
4351 112
4352 112
4353 112
4354 112
4355 112
4356 112
4357 112
4358 112
4359 112
4360 112
4361 112
4362 112
4363 112
4364 112
4365 112
4366 112
4367 112
4368 112
4369 112
4370 112
4371 112
4372 112
4373 112
4374 112
4375 112
4376 112
4377 112
4378 112
4379 112
4380 112
4381 112
4382 112
4383 112
4384 112
4385 112
4386 112
4387 112
4388 112
4389 112
4390 112
4391 112
4392 112
4393 112
4394 112
4395 112
4396 112
4397 112
4398 112
4399 112
4400 112
4401 112
4402 112
4403 112
4404 112
4405 112
4406 112
4407 112
4408 112
4409 112
4410 112
4411 112
4412 112
4413 112
4414 112
4415 112
4416 112
4417 112
4418 112
4419 112
4420 112
4421 112
4422 112
4423 112
4424 112
4425 112
4426 112
4427 112
4428 112
4429 112
4430 112
4431 112
4432 112
4433 112
4434 112
4435 112
4436 112
4437 112
4438 112
4439 112
4440 112
4441 112
4442 112
4443 112
4444 112
4445 112
4446 112
4447 112
4448 112
4449 112
4450 112
4451 112
4452 112
4453 112
4454 112
4455 112
4456 112
4457 112
4458 112
4459 112
4460 112
4461 112
4462 112
4463 112
4464 112
4465 112
4466 112
4467 112
4468 112
4469 112
4470 112
4471 112
4472 112
4473 112
4474 112
4475 112
4476 112
4477 112
4478 112
4479 112
4480 112
4481 112
4482 112
4483 112
4484 112
4485 112
4486 112
4487 112
4488 112
4489 112
4490 112
4491 112
4492 112
4493 112
4494 112
4495 112
4496 112
4497 112
4498 112
4499 112
4500 112
4501 112
4502 112
4503 112
4504 112
4505 112
4506 112
4507 112
4508 112
4509 112
4510 112
4511 112
4512 112
4513 112
4514 112
4515 112
4516 112
4517 112
4518 112
4519 112
4520 112
4521 112
4522 112
4523 112
4524 112
4525 112
4526 112
4527 112
4528 112
4529 112
4530 112
4531 112
4532 112
4533 112
4534 112
4535 112
4536 112
4537 112
4538 112
4539 112
4540 112
4541 112
4542 112
4543 112
4544 112
4545 112
4546 112
4547 112
4548 112
4549 112
4550 112
4551 112
4552 112
4553 112
4554 112
4555 112
4556 112
4557 112
4558 112
4559 112
4560 112
4561 112
4562 112
4563 112
4564 112
4565 112
4566 112
4567 112
4568 112
4569 112
4570 112
4571 112
4572 112
4573 112
4574 112
4575 112
4576 112
4577 112
4578 112
4579 112
4580 112
4581 112
4582 112
4583 112
4584 112
4585 112
4586 112
4587 112
4588 112
4589 112
4590 112
4591 112
4592 112
4593 112
4594 112
4595 112
4596 112
4597 112
4598 112
4599 112
4600 112
4601 112
4602 112
4603 112
4604 112
4605 112
4606 112
4607 112
4608 112
4609 112
4610 112
4611 112
4612 112
4613 112
4614 112
4615 112
4616 112
4617 112
4618 112
4619 112
4620 114
4621 114
4622 114
4623 114
4624 114
4625 114
4626 114
4627 114
4628 114
4629 114
4630 114
4631 114
4632 114
4633 114
4634 114
4635 114
4636 114
4637 114
4638 114
4639 114
4640 114
4641 114
4642 114
4643 114
4644 114
4645 114
4646 114
4647 114
4648 114
4649 114
4650 114
4651 114
4652 114
4653 114
4654 114
4655 114
4656 114
4657 114
4658 114
4659 114
4660 114
4661 114
4662 114
4663 114
4664 114
4665 114
4666 114
4667 114
4668 114
4669 114
4670 114
4671 114
4672 114
4673 114
4674 114
4675 114
4676 114
4677 114
4678 114
4679 114
4680 116
4681 116
4682 116
4683 116
4684 116
4685 116
4686 116
4687 116
4688 116
4689 116
4690 116
4691 116
4692 116
4693 116
4694 116
4695 116
4696 116
4697 116
4698 116
4699 116
4700 116
4701 116
4702 116
4703 116
4704 116
4705 116
4706 116
4707 116
4708 116
4709 116
4710 116
4711 116
4712 116
4713 116
4714 116
4715 116
4716 116
4717 116
4718 116
4719 116
4720 116
4721 116
4722 116
4723 116
4724 116
4725 116
4726 116
4727 116
4728 116
4729 116
4730 116
4731 116
4732 116
4733 116
4734 116
4735 116
4736 116
4737 116
4738 116
4739 116
4740 116
4741 116
4742 116
4743 116
4744 116
4745 116
4746 116
4747 116
4748 116
4749 116
4750 116
4751 116
4752 116
4753 116
4754 116
4755 116
4756 116
4757 116
4758 116
4759 116
4760 116
4761 116
4762 116
4763 116
4764 116
4765 116
4766 116
4767 116
4768 116
4769 116
4770 116
4771 116
4772 116
4773 116
4774 116
4775 116
4776 116
4777 116
4778 116
4779 116
4780 116
4781 116
4782 116
4783 116
4784 116
4785 116
4786 116
4787 116
4788 116
4789 116
4790 116
4791 116
4792 116
4793 116
4794 116
4795 116
4796 116
4797 116
4798 116
4799 116
4800 116
4801 116
4802 116
4803 116
4804 116
4805 116
4806 116
4807 116
4808 116
4809 116
4810 116
4811 116
4812 116
4813 116
4814 116
4815 116
4816 116
4817 116
4818 116
4819 116
4820 116
4821 116
4822 116
4823 116
4824 116
4825 116
4826 116
4827 116
4828 116
4829 116
4830 116
4831 116
4832 116
4833 116
4834 116
4835 116
4836 116
4837 116
4838 116
4839 116
4840 116
4841 116
4842 116
4843 116
4844 116
4845 116
4846 116
4847 116
4848 116
4849 116
4850 116
4851 116
4852 116
4853 116
4854 116
4855 116
4856 116
4857 116
4858 116
4859 116
4860 116
4861 116
4862 116
4863 116
4864 116
4865 116
4866 116
4867 116
4868 116
4869 116
4870 116
4871 116
4872 116
4873 116
4874 116
4875 116
4876 116
4877 116
4878 116
4879 116
4880 116
4881 116
4882 116
4883 116
4884 116
4885 116
4886 116
4887 116
4888 116
4889 116
4890 116
4891 116
4892 116
4893 116
4894 116
4895 116
4896 116
4897 116
4898 116
4899 116
4900 116
4901 116
4902 116
4903 116
4904 116
4905 116
4906 116
4907 116
4908 116
4909 116
4910 116
4911 116
4912 116
4913 116
4914 116
4915 116
4916 116
4917 116
4918 116
4919 116
4920 116
4921 116
4922 116
4923 116
4924 116
4925 116
4926 116
4927 116
4928 116
4929 116
4930 116
4931 116
4932 116
4933 116
4934 116
4935 116
4936 116
4937 116
4938 116
4939 116
4940 116
4941 116
4942 116
4943 116
4944 116
4945 116
4946 116
4947 116
4948 116
4949 116
4950 116
4951 116
4952 116
4953 116
4954 116
4955 116
4956 116
4957 116
4958 116
4959 116
4960 116
4961 116
4962 116
4963 116
4964 116
4965 116
4966 116
4967 116
4968 116
4969 116
4970 116
4971 116
4972 116
4973 116
4974 116
4975 116
4976 116
4977 116
4978 116
4979 116
4980 116
4981 116
4982 116
4983 116
4984 116
4985 116
4986 116
4987 116
4988 116
4989 116
4990 116
4991 116
4992 116
4993 116
4994 116
4995 116
4996 116
4997 116
4998 116
4999 116
5000 116
5001 116
5002 116
5003 116
5004 116
5005 118
5006 118
5007 118
5008 118
5009 118
5010 118
5011 118
5012 118
5013 118
5014 118
5015 118
5016 118
5017 118
5018 118
5019 118
5020 118
5021 118
5022 118
5023 118
5024 118
5025 118
5026 118
5027 118
5028 118
5029 118
5030 118
5031 118
5032 118
5033 118
5034 118
5035 118
5036 118
5037 118
5038 118
5039 118
5040 120
5041 120
5042 120
5043 120
5044 120
5045 120
5046 120
5047 120
5048 120
5049 120
5050 120
5051 120
5052 120
5053 120
5054 120
5055 120
5056 120
5057 120
5058 120
5059 120
5060 120
5061 120
5062 120
5063 120
5064 120
5065 120
5066 120
5067 120
5068 120
5069 120
5070 120
5071 120
5072 120
5073 120
5074 120
5075 120
5076 120
5077 120
5078 120
5079 120
5080 120
5081 120
5082 120
5083 120
5084 120
5085 120
5086 120
5087 120
5088 120
5089 120
5090 120
5091 120
5092 120
5093 120
5094 120
5095 120
5096 120
5097 120
5098 120
5099 120
5100 120
5101 120
5102 120
5103 120
5104 120
5105 120
5106 120
5107 120
5108 120
5109 120
5110 120
5111 120
5112 120
5113 120
5114 120
5115 120
5116 120
5117 120
5118 120
5119 120
5120 120
5121 120
5122 120
5123 120
5124 120
5125 120
5126 120
5127 120
5128 120
5129 120
5130 120
5131 120
5132 120
5133 120
5134 120
5135 120
5136 120
5137 120
5138 120
5139 120
5140 120
5141 120
5142 120
5143 120
5144 120
5145 120
5146 120
5147 120
5148 122
5149 122
5150 122
5151 122
5152 122
5153 122
5154 122
5155 122
5156 122
5157 122
5158 122
5159 122
5160 122
5161 122
5162 122
5163 122
5164 122
5165 122
5166 122
5167 122
5168 122
5169 122
5170 122
5171 122
5172 122
5173 122
5174 122
5175 122
5176 122
5177 122
5178 122
5179 122
5180 122
5181 122
5182 122
5183 122
5184 122
5185 122
5186 122
5187 122
5188 122
5189 122
5190 122
5191 122
5192 122
5193 122
5194 122
5195 122
5196 122
5197 122
5198 122
5199 122
5200 122
5201 122
5202 122
5203 122
5204 122
5205 122
5206 122
5207 122
5208 122
5209 122
5210 122
5211 122
5212 122
5213 122
5214 122
5215 122
5216 122
5217 122
5218 122
5219 122
5220 122
5221 122
5222 122
5223 122
5224 122
5225 122
5226 122
5227 122
5228 122
5229 122
5230 122
5231 122
5232 122
5233 122
5234 122
5235 122
5236 122
5237 122
5238 122
5239 122
5240 122
5241 122
5242 122
5243 122
5244 122
5245 122
5246 122
5247 122
5248 122
5249 122
5250 122
5251 122
5252 122
5253 122
5254 122
5255 122
5256 122
5257 122
5258 122
5259 122
5260 122
5261 122
5262 122
5263 122
5264 122
5265 122
5266 122
5267 122
5268 122
5269 122
5270 122
5271 122
5272 122
5273 122
5274 122
5275 122
5276 122
5277 122
5278 122
5279 122
5280 122
5281 122
5282 122
5283 122
5284 122
5285 122
5286 122
5287 122
5288 122
5289 122
5290 122
5291 122
5292 122
5293 122
5294 122
5295 122
5296 122
5297 122
5298 122
5299 122
5300 122
5301 122
5302 122
5303 122
5304 122
5305 122
5306 122
5307 122
5308 122
5309 122
5310 122
5311 122
5312 122
5313 122
5314 122
5315 122
5316 122
5317 122
5318 122
5319 122
5320 122
5321 122
5322 122
5323 122
5324 122
5325 122
5326 122
5327 122
5328 122
5329 122
5330 122
5331 122
5332 122
5333 122
5334 122
5335 122
5336 122
5337 122
5338 122
5339 122
5340 122
5341 122
5342 122
5343 122
5344 122
5345 122
5346 122
5347 122
5348 122
5349 122
5350 122
5351 122
5352 122
5353 122
5354 122
5355 122
5356 122
5357 122
5358 122
5359 122
5360 122
5361 122
5362 122
5363 122
5364 122
5365 122
5366 122
5367 122
5368 122
5369 122
5370 122
5371 122
5372 122
5373 122
5374 122
5375 122
5376 122
5377 122
5378 122
5379 122
5380 122
5381 122
5382 122
5383 122
5384 122
5385 122
5386 122
5387 122
5388 122
5389 122
5390 122
5391 122
5392 122
5393 122
5394 122
5395 122
5396 122
5397 122
5398 122
5399 122
5400 122
5401 122
5402 122
5403 122
5404 122
5405 122
5406 122
5407 122
5408 122
5409 122
5410 122
5411 122
5412 122
5413 122
5414 122
5415 122
5416 122
5417 122
5418 122
5419 122
5420 122
5421 122
5422 122
5423 122
5424 122
5425 122
5426 122
5427 122
5428 122
5429 122
5430 122
5431 122
5432 122
5433 122
5434 122
5435 122
5436 122
5437 122
5438 122
5439 122
5440 122
5441 122
5442 122
5443 122
5444 122
5445 122
5446 122
5447 122
5448 122
5449 122
5450 122
5451 122
5452 122
5453 122
5454 122
5455 122
5456 122
5457 122
5458 122
5459 122
5460 124
5461 124
5462 124
5463 124
5464 124
5465 124
5466 124
5467 124
5468 124
5469 124
5470 124
5471 124
5472 124
5473 124
5474 124
5475 124
5476 124
5477 124
5478 124
5479 124
5480 124
5481 124
5482 124
5483 124
5484 124
5485 124
5486 124
5487 124
5488 124
5489 124
5490 124
5491 124
5492 124
5493 124
5494 124
5495 124
5496 124
5497 124
5498 124
5499 124
5500 124
5501 124
5502 124
5503 124
5504 124
5505 124
5506 124
5507 124
5508 124
5509 124
5510 124
5511 124
5512 124
5513 124
5514 124
5515 124
5516 124
5517 124
5518 124
5519 124
5520 124
5521 124
5522 124
5523 124
5524 124
5525 124
5526 124
5527 124
5528 124
5529 124
5530 124
5531 124
5532 124
5533 124
5534 124
5535 124
5536 124
5537 124
5538 124
5539 124
5540 124
5541 124
5542 124
5543 124
5544 126
5545 126
5546 126
5547 126
5548 126
5549 126
5550 126
5551 126
5552 126
5553 126
5554 126
5555 126
5556 126
5557 126
5558 126
5559 126
5560 126
5561 126
5562 126
5563 126
5564 126
5565 126
5566 126
5567 126
5568 126
5569 126
5570 126
5571 126
5572 126
5573 126
5574 126
5575 126
5576 126
5577 126
5578 126
5579 126
5580 126
5581 126
5582 126
5583 126
5584 126
5585 126
5586 126
5587 126
5588 126
5589 126
5590 126
5591 126
5592 126
5593 126
5594 126
5595 126
5596 126
5597 126
5598 126
5599 126
5600 126
5601 126
5602 126
5603 126
5604 126
5605 126
5606 126
5607 126
5608 126
5609 126
5610 126
5611 126
5612 126
5613 126
5614 126
5615 126
5616 126
5617 126
5618 126
5619 126
5620 126
5621 126
5622 126
5623 126
5624 126
5625 126
5626 126
5627 126
5628 126
5629 126
5630 126
5631 126
5632 126
5633 126
5634 126
5635 126
5636 126
5637 126
5638 126
5639 126
5640 126
5641 126
5642 126
5643 126
5644 126
5645 126
5646 126
5647 126
5648 126
5649 126
5650 126
5651 126
5652 126
5653 126
5654 126
5655 126
5656 126
5657 126
5658 126
5659 126
5660 126
5661 126
5662 126
5663 126
5664 126
5665 126
5666 126
5667 126
5668 126
5669 126
5670 126
5671 126
5672 126
5673 126
5674 126
5675 126
5676 126
5677 126
5678 126
5679 126
5680 126
5681 126
5682 126
5683 126
5684 126
5685 126
5686 126
5687 126
5688 126
5689 126
5690 126
5691 126
5692 126
5693 126
5694 126
5695 126
5696 126
5697 126
5698 126
5699 126
5700 126
5701 126
5702 126
5703 126
5704 126
5705 126
5706 126
5707 126
5708 126
5709 126
5710 126
5711 126
5712 126
5713 126
5714 126
5715 126
5716 126
5717 126
5718 126
5719 126
5720 128
5721 128
5722 128
5723 128
5724 128
5725 128
5726 128
5727 128
5728 128
5729 128
5730 128
5731 128
5732 128
5733 128
5734 128
5735 128
5736 128
5737 128
5738 128
5739 128
5740 128
5741 128
5742 128
5743 128
5744 128
5745 128
5746 128
5747 128
5748 128
5749 128
5750 128
5751 128
5752 128
5753 128
5754 128
5755 128
5756 128
5757 128
5758 128
5759 128
5760 128
5761 128
5762 128
5763 128
5764 128
5765 128
5766 128
5767 128
5768 128
5769 128
5770 128
5771 128
5772 128
5773 128
5774 128
5775 128
5776 128
5777 128
5778 128
5779 128
5780 128
5781 128
5782 128
5783 128
5784 128
5785 128
5786 128
5787 128
5788 128
5789 128
5790 128
5791 128
5792 128
5793 128
5794 128
5795 128
5796 128
5797 128
5798 128
5799 128
5800 128
5801 128
5802 128
5803 128
5804 128
5805 128
5806 128
5807 128
5808 128
5809 128
5810 128
5811 128
5812 128
5813 128
5814 128
5815 128
5816 128
5817 128
5818 128
5819 128
5820 128
5821 128
5822 128
5823 128
5824 128
5825 128
5826 128
5827 128
5828 128
5829 128
5830 128
5831 128
5832 128
5833 128
5834 128
5835 128
5836 128
5837 128
5838 128
5839 128
5840 128
5841 128
5842 128
5843 128
5844 128
5845 128
5846 128
5847 128
5848 128
5849 128
5850 128
5851 128
5852 128
5853 128
5854 128
5855 128
5856 128
5857 128
5858 128
5859 128
5860 128
5861 128
5862 128
5863 128
5864 128
5865 128
5866 128
5867 128
5868 128
5869 128
5870 128
5871 128
5872 128
5873 128
5874 128
5875 128
5876 128
5877 128
5878 128
5879 128
5880 128
5881 128
5882 128
5883 128
5884 128
5885 128
5886 128
5887 128
5888 128
5889 128
5890 128
5891 128
5892 128
5893 128
5894 128
5895 128
5896 128
5897 128
5898 128
5899 128
5900 128
5901 128
5902 128
5903 128
5904 128
5905 128
5906 128
5907 128
5908 128
5909 128
5910 128
5911 128
5912 128
5913 128
5914 128
5915 128
5916 128
5917 128
5918 128
5919 128
5920 128
5921 128
5922 128
5923 128
5924 128
5925 128
5926 128
5927 128
5928 128
5929 128
5930 128
5931 128
5932 128
5933 128
5934 128
5935 128
5936 128
5937 128
5938 128
5939 128
5940 128
5941 128
5942 128
5943 128
5944 128
5945 128
5946 128
5947 128
5948 128
5949 128
5950 128
5951 128
5952 128
5953 128
5954 128
5955 128
5956 128
5957 128
5958 128
5959 128
5960 128
5961 128
5962 128
5963 128
5964 128
5965 128
5966 128
5967 128
5968 128
5969 128
5970 128
5971 128
5972 128
5973 128
5974 128
5975 128
5976 128
5977 128
5978 128
5979 128
5980 128
5981 128
5982 128
5983 128
5984 128
5985 128
5986 128
5987 128
5988 128
5989 128
5990 128
5991 128
5992 128
5993 128
5994 128
5995 128
5996 128
5997 128
5998 128
5999 128
6000 128
6001 128
6002 128
6003 128
6004 128
6005 128
6006 130
6007 130
6008 130
6009 130
6010 130
6011 130
6012 130
6013 130
6014 130
6015 130
6016 130
6017 130
6018 130
6019 130
6020 130
6021 130
6022 130
6023 130
6024 130
6025 130
6026 130
6027 130
6028 130
6029 130
6030 130
6031 130
6032 130
6033 130
6034 130
6035 130
6036 130
6037 130
6038 130
6039 130
6040 130
6041 130
6042 130
6043 130
6044 130
6045 130
6046 130
6047 130
6048 130
6049 130
6050 130
6051 130
6052 130
6053 130
6054 130
6055 130
6056 130
6057 130
6058 130
6059 130
6060 130
6061 130
6062 130
6063 130
6064 130
6065 130
6066 130
6067 130
6068 130
6069 130
6070 130
6071 130
6072 130
6073 130
6074 130
6075 130
6076 130
6077 130
6078 130
6079 130
6080 130
6081 130
6082 130
6083 130
6084 130
6085 130
6086 130
6087 130
6088 130
6089 130
6090 130
6091 130
6092 130
6093 130
6094 130
6095 130
6096 130
6097 130
6098 130
6099 130
6100 130
6101 130
6102 130
6103 130
6104 130
6105 130
6106 130
6107 130
6108 130
6109 130
6110 130
6111 130
6112 130
6113 130
6114 130
6115 130
6116 130
6117 130
6118 130
6119 130
6120 130
6121 130
6122 130
6123 130
6124 130
6125 130
6126 130
6127 130
6128 130
6129 130
6130 130
6131 130
6132 130
6133 130
6134 130
6135 130
6136 130
6137 130
6138 130
6139 130
6140 130
6141 130
6142 130
6143 130
6144 130
6145 130
6146 130
6147 130
6148 130
6149 130
6150 130
6151 130
6152 130
6153 130
6154 130
6155 130
6156 130
6157 130
6158 130
6159 130
6160 132
6161 132
6162 132
6163 132
6164 132
6165 132
6166 132
6167 132
6168 132
6169 132
6170 132
6171 132
6172 132
6173 132
6174 132
6175 132
6176 132
6177 132
6178 132
6179 132
6180 132
6181 132
6182 132
6183 132
6184 132
6185 132
6186 132
6187 132
6188 132
6189 132
6190 132
6191 132
6192 132
6193 132
6194 132
6195 132
6196 132
6197 132
6198 132
6199 132
6200 132
6201 132
6202 132
6203 132
6204 132
6205 132
6206 132
6207 132
6208 132
6209 132
6210 132
6211 132
6212 132
6213 132
6214 132
6215 132
6216 132
6217 132
6218 132
6219 132
6220 132
6221 132
6222 132
6223 132
6224 132
6225 132
6226 132
6227 132
6228 132
6229 132
6230 132
6231 132
6232 132
6233 132
6234 132
6235 132
6236 132
6237 132
6238 132
6239 132
6240 132
6241 132
6242 132
6243 132
6244 132
6245 132
6246 132
6247 132
6248 132
6249 132
6250 132
6251 132
6252 132
6253 132
6254 132
6255 132
6256 132
6257 132
6258 132
6259 132
6260 132
6261 132
6262 132
6263 132
6264 132
6265 132
6266 132
6267 132
6268 132
6269 132
6270 132
6271 132
6272 132
6273 132
6274 132
6275 132
6276 132
6277 132
6278 132
6279 132
6280 132
6281 132
6282 132
6283 132
6284 132
6285 132
6286 132
6287 132
6288 132
6289 132
6290 132
6291 132
6292 132
6293 132
6294 132
6295 132
6296 132
6297 132
6298 132
6299 132
6300 132
6301 132
6302 132
6303 132
6304 132
6305 132
6306 132
6307 132
6308 132
6309 132
6310 132
6311 132
6312 132
6313 132
6314 132
6315 132
6316 132
6317 132
6318 132
6319 132
6320 132
6321 132
6322 132
6323 132
6324 132
6325 132
6326 132
6327 132
6328 132
6329 132
6330 132
6331 132
6332 132
6333 132
6334 132
6335 132
6336 132
6337 132
6338 132
6339 132
6340 132
6341 132
6342 132
6343 132
6344 132
6345 132
6346 132
6347 132
6348 132
6349 132
6350 132
6351 132
6352 132
6353 132
6354 132
6355 132
6356 132
6357 132
6358 132
6359 132
6360 132
6361 132
6362 132
6363 132
6364 132
6365 132
6366 132
6367 132
6368 132
6369 132
6370 132
6371 132
6372 132
6373 132
6374 132
6375 132
6376 132
6377 132
6378 132
6379 132
6380 132
6381 132
6382 132
6383 132
6384 132
6385 132
6386 132
6387 132
6388 132
6389 132
6390 132
6391 132
6392 132
6393 132
6394 132
6395 132
6396 132
6397 132
6398 132
6399 132
6400 132
6401 132
6402 132
6403 132
6404 132
6405 132
6406 132
6407 132
6408 132
6409 132
6410 132
6411 132
6412 132
6413 132
6414 132
6415 132
6416 132
6417 132
6418 132
6419 132
6420 132
6421 132
6422 132
6423 132
6424 132
6425 132
6426 132
6427 132
6428 132
6429 132
6430 132
6431 132
6432 132
6433 132
6434 132
6435 134
6436 134
6437 134
6438 134
6439 134
6440 134
6441 134
6442 134
6443 134
6444 134
6445 134
6446 134
6447 134
6448 134
6449 134
6450 134
6451 134
6452 134
6453 134
6454 134
6455 134
6456 134
6457 134
6458 134
6459 134
6460 134
6461 134
6462 134
6463 134
6464 134
6465 134
6466 134
6467 134
6468 134
6469 134
6470 134
6471 134
6472 134
6473 134
6474 134
6475 134
6476 134
6477 134
6478 134
6479 134
6480 134
6481 134
6482 134
6483 134
6484 134
6485 134
6486 134
6487 134
6488 134
6489 134
6490 134
6491 134
6492 134
6493 134
6494 134
6495 134
6496 134
6497 134
6498 134
6499 134
6500 134
6501 134
6502 134
6503 134
6504 134
6505 134
6506 134
6507 134
6508 134
6509 134
6510 134
6511 134
6512 134
6513 134
6514 134
6515 134
6516 134
6517 134
6518 134
6519 134
6520 134
6521 134
6522 134
6523 134
6524 134
6525 134
6526 134
6527 134
6528 134
6529 134
6530 134
6531 134
6532 134
6533 134
6534 134
6535 134
6536 134
6537 134
6538 134
6539 134
6540 134
6541 134
6542 134
6543 134
6544 134
6545 134
6546 134
6547 134
6548 134
6549 134
6550 134
6551 134
6552 136
6553 136
6554 136
6555 136
6556 136
6557 136
6558 136
6559 136
6560 136
6561 136
6562 136
6563 136
6564 136
6565 136
6566 136
6567 136
6568 136
6569 136
6570 136
6571 136
6572 136
6573 136
6574 136
6575 136
6576 136
6577 136
6578 136
6579 136
6580 136
6581 136
6582 136
6583 136
6584 136
6585 136
6586 136
6587 136
6588 136
6589 136
6590 136
6591 136
6592 136
6593 136
6594 136
6595 136
6596 136
6597 136
6598 136
6599 136
6600 136
6601 136
6602 136
6603 136
6604 136
6605 136
6606 136
6607 136
6608 136
6609 136
6610 136
6611 136
6612 136
6613 136
6614 136
6615 136
6616 136
6617 136
6618 136
6619 136
6620 136
6621 136
6622 136
6623 136
6624 136
6625 136
6626 136
6627 136
6628 136
6629 136
6630 136
6631 136
6632 136
6633 136
6634 136
6635 136
6636 136
6637 136
6638 136
6639 136
6640 136
6641 136
6642 136
6643 136
6644 136
6645 136
6646 136
6647 136
6648 136
6649 136
6650 136
6651 136
6652 136
6653 136
6654 136
6655 136
6656 136
6657 136
6658 136
6659 136
6660 136
6661 136
6662 136
6663 136
6664 136
6665 136
6666 136
6667 136
6668 136
6669 136
6670 136
6671 136
6672 136
6673 136
6674 136
6675 136
6676 136
6677 136
6678 136
6679 136
6680 136
6681 136
6682 136
6683 136
6684 136
6685 136
6686 136
6687 136
6688 136
6689 136
6690 136
6691 136
6692 136
6693 136
6694 136
6695 136
6696 136
6697 136
6698 136
6699 136
6700 136
6701 136
6702 136
6703 136
6704 136
6705 136
6706 136
6707 136
6708 136
6709 136
6710 136
6711 136
6712 136
6713 136
6714 136
6715 136
6716 136
6717 136
6718 136
6719 136
6720 136
6721 136
6722 136
6723 136
6724 136
6725 136
6726 136
6727 136
6728 136
6729 136
6730 136
6731 136
6732 136
6733 136
6734 136
6735 136
6736 136
6737 136
6738 136
6739 136
6740 136
6741 136
6742 136
6743 136
6744 136
6745 136
6746 136
6747 136
6748 136
6749 136
6750 136
6751 136
6752 136
6753 136
6754 136
6755 136
6756 136
6757 136
6758 136
6759 136
6760 136
6761 136
6762 136
6763 136
6764 136
6765 136
6766 136
6767 136
6768 136
6769 136
6770 136
6771 136
6772 136
6773 136
6774 136
6775 136
6776 136
6777 136
6778 136
6779 136
6780 136
6781 136
6782 136
6783 136
6784 136
6785 136
6786 136
6787 136
6788 136
6789 136
6790 136
6791 136
6792 136
6793 136
6794 136
6795 136
6796 136
6797 136
6798 136
6799 136
6800 136
6801 136
6802 136
6803 136
6804 136
6805 136
6806 136
6807 136
6808 136
6809 136
6810 136
6811 136
6812 136
6813 136
6814 136
6815 136
6816 136
6817 136
6818 136
6819 136
6820 136
6821 136
6822 136
6823 136
6824 136
6825 136
6826 136
6827 136
6828 136
6829 136
6830 136
6831 136
6832 136
6833 136
6834 136
6835 136
6836 136
6837 136
6838 136
6839 136
6840 136
6841 136
6842 136
6843 136
6844 136
6845 136
6846 136
6847 136
6848 136
6849 136
6850 136
6851 136
6852 136
6853 136
6854 136
6855 136
6856 136
6857 136
6858 136
6859 136
6860 136
6861 136
6862 136
6863 136
6864 138
6865 138
6866 138
6867 138
6868 138
6869 138
6870 138
6871 138
6872 138
6873 138
6874 138
6875 138
6876 138
6877 138
6878 138
6879 138
6880 138
6881 138
6882 138
6883 138
6884 138
6885 138
6886 138
6887 138
6888 138
6889 138
6890 138
6891 138
6892 138
6893 138
6894 138
6895 138
6896 138
6897 138
6898 138
6899 138
6900 138
6901 138
6902 138
6903 138
6904 138
6905 138
6906 138
6907 138
6908 138
6909 138
6910 138
6911 138
6912 138
6913 138
6914 138
6915 138
6916 138
6917 138
6918 138
6919 138
6920 138
6921 138
6922 138
6923 138
6924 138
6925 138
6926 138
6927 138
6928 138
6929 138
6930 140
6931 140
6932 140
6933 140
6934 140
6935 140
6936 140
6937 140
6938 140
6939 140
6940 140
6941 140
6942 140
6943 140
6944 140
6945 140
6946 140
6947 140
6948 140
6949 140
6950 140
6951 140
6952 140
6953 140
6954 140
6955 140
6956 140
6957 140
6958 140
6959 140
6960 140
6961 140
6962 140
6963 140
6964 140
6965 140
6966 140
6967 140
6968 140
6969 140
6970 140
6971 140
6972 140
6973 140
6974 140
6975 140
6976 140
6977 140
6978 140
6979 140
6980 140
6981 140
6982 140
6983 140
6984 140
6985 140
6986 140
6987 140
6988 140
6989 140
6990 140
6991 140
6992 140
6993 140
6994 140
6995 140
6996 140
6997 140
6998 140
6999 140
7000 140
7001 140
7002 140
7003 140
7004 140
7005 140
7006 140
7007 140
7008 140
7009 140
7010 140
7011 140
7012 140
7013 140
7014 140
7015 140
7016 140
7017 140
7018 140
7019 140
7020 140
7021 140
7022 140
7023 140
7024 140
7025 140
7026 140
7027 140
7028 140
7029 140
7030 140
7031 140
7032 140
7033 140
7034 140
7035 140
7036 140
7037 140
7038 140
7039 140
7040 140
7041 140
7042 140
7043 140
7044 140
7045 140
7046 140
7047 140
7048 140
7049 140
7050 140
7051 140
7052 140
7053 140
7054 140
7055 140
7056 140
7057 140
7058 140
7059 140
7060 140
7061 140
7062 140
7063 140
7064 140
7065 140
7066 140
7067 140
7068 140
7069 140
7070 140
7071 140
7072 140
7073 140
7074 140
7075 140
7076 140
7077 140
7078 140
7079 140
7080 140
7081 140
7082 140
7083 140
7084 140
7085 140
7086 140
7087 140
7088 140
7089 140
7090 140
7091 140
7092 140
7093 140
7094 140
7095 140
7096 140
7097 140
7098 140
7099 140
7100 140
7101 140
7102 140
7103 140
7104 140
7105 140
7106 140
7107 140
7108 140
7109 140
7110 140
7111 140
7112 140
7113 140
7114 140
7115 140
7116 140
7117 140
7118 140
7119 140
7120 140
7121 140
7122 140
7123 140
7124 140
7125 140
7126 140
7127 140
7128 140
7129 140
7130 140
7131 140
7132 140
7133 140
7134 140
7135 140
7136 140
7137 140
7138 140
7139 140
7140 140
7141 140
7142 140
7143 140
7144 140
7145 140
7146 140
7147 140
7148 140
7149 140
7150 140
7151 140
7152 140
7153 140
7154 140
7155 140
7156 140
7157 140
7158 140
7159 140
7160 140
7161 140
7162 140
7163 140
7164 140
7165 140
7166 140
7167 140
7168 140
7169 140
7170 140
7171 140
7172 140
7173 140
7174 140
7175 140
7176 140
7177 140
7178 140
7179 140
7180 140
7181 140
7182 140
7183 140
7184 140
7185 140
7186 140
7187 140
7188 140
7189 140
7190 140
7191 140
7192 140
7193 140
7194 140
7195 140
7196 140
7197 140
7198 140
7199 140
7200 140
7201 140
7202 140
7203 140
7204 140
7205 140
7206 140
7207 140
7208 140
7209 140
7210 140
7211 140
7212 140
7213 140
7214 140
7215 140
7216 140
7217 140
7218 140
7219 140
7220 140
7221 140
7222 140
7223 140
7224 140
7225 140
7226 140
7227 140
7228 140
7229 140
7230 140
7231 140
7232 140
7233 140
7234 140
7235 140
7236 140
7237 140
7238 140
7239 140
7240 140
7241 140
7242 140
7243 140
7244 140
7245 140
7246 140
7247 140
7248 140
7249 140
7250 140
7251 140
7252 140
7253 140
7254 140
7255 140
7256 140
7257 140
7258 140
7259 140
7260 140
7261 140
7262 140
7263 140
7264 140
7265 140
7266 140
7267 140
7268 140
7269 140
7270 140
7271 140
7272 140
7273 140
7274 140
7275 140
7276 140
7277 140
7278 140
7279 140
7280 142
7281 142
7282 142
7283 142
7284 142
7285 142
7286 142
7287 142
7288 142
7289 142
7290 142
7291 142
7292 142
7293 142
7294 142
7295 142
7296 142
7297 142
7298 142
7299 142
7300 142
7301 142
7302 142
7303 142
7304 142
7305 142
7306 142
7307 142
7308 142
7309 142
7310 142
7311 142
7312 142
7313 142
7314 142
7315 142
7316 142
7317 142
7318 142
7319 142
7320 142
7321 142
7322 142
7323 142
7324 142
7325 142
7326 142
7327 142
7328 142
7329 142
7330 142
7331 142
7332 142
7333 142
7334 142
7335 142
7336 142
7337 142
7338 142
7339 142
7340 142
7341 142
7342 142
7343 142
7344 142
7345 142
7346 142
7347 142
7348 142
7349 142
7350 142
7351 142
7352 142
7353 142
7354 142
7355 142
7356 142
7357 142
7358 142
7359 142
7360 142
7361 142
7362 142
7363 142
7364 142
7365 142
7366 142
7367 142
7368 142
7369 142
7370 142
7371 142
7372 142
7373 142
7374 142
7375 142
7376 142
7377 142
7378 142
7379 142
7380 142
7381 142
7382 142
7383 142
7384 142
7385 142
7386 142
7387 142
7388 142
7389 142
7390 142
7391 142
7392 144
7393 144
7394 144
7395 144
7396 144
7397 144
7398 144
7399 144
7400 144
7401 144
7402 144
7403 144
7404 144
7405 144
7406 144
7407 144
7408 144
7409 144
7410 144
7411 144
7412 144
7413 144
7414 144
7415 144
7416 144
7417 144
7418 144
7419 144
7420 144
7421 144
7422 144
7423 144
7424 144
7425 144
7426 144
7427 144
7428 144
7429 144
7430 144
7431 144
7432 144
7433 144
7434 144
7435 144
7436 144
7437 144
7438 144
7439 144
7440 144
7441 144
7442 144
7443 144
7444 144
7445 144
7446 144
7447 144
7448 144
7449 144
7450 144
7451 144
7452 144
7453 144
7454 144
7455 144
7456 144
7457 144
7458 144
7459 144
7460 144
7461 144
7462 144
7463 144
7464 144
7465 144
7466 144
7467 144
7468 144
7469 144
7470 144
7471 144
7472 144
7473 144
7474 144
7475 144
7476 144
7477 144
7478 144
7479 144
7480 144
7481 144
7482 144
7483 144
7484 144
7485 144
7486 144
7487 144
7488 144
7489 144
7490 144
7491 144
7492 144
7493 144
7494 144
7495 144
7496 144
7497 144
7498 144
7499 144
7500 144
7501 144
7502 144
7503 144
7504 144
7505 144
7506 144
7507 144
7508 144
7509 144
7510 144
7511 144
7512 144
7513 144
7514 144
7515 144
7516 144
7517 144
7518 144
7519 144
7520 144
7521 144
7522 144
7523 144
7524 144
7525 144
7526 144
7527 144
7528 144
7529 144
7530 144
7531 144
7532 144
7533 144
7534 144
7535 144
7536 144
7537 144
7538 144
7539 144
7540 144
7541 144
7542 144
7543 144
7544 144
7545 144
7546 144
7547 144
7548 144
7549 144
7550 144
7551 144
7552 144
7553 144
7554 144
7555 144
7556 144
7557 144
7558 144
7559 144
7560 144
7561 144
7562 144
7563 144
7564 144
7565 144
7566 144
7567 144
7568 144
7569 144
7570 144
7571 144
7572 144
7573 144
7574 144
7575 144
7576 144
7577 144
7578 144
7579 144
7580 144
7581 144
7582 144
7583 144
7584 144
7585 144
7586 144
7587 144
7588 144
7589 144
7590 144
7591 144
7592 144
7593 144
7594 144
7595 144
7596 144
7597 144
7598 144
7599 144
7600 144
7601 144
7602 144
7603 144
7604 144
7605 144
7606 144
7607 144
7608 144
7609 144
7610 144
7611 144
7612 144
7613 144
7614 144
7615 144
7616 144
7617 144
7618 144
7619 144
7620 144
7621 144
7622 144
7623 144
7624 144
7625 144
7626 144
7627 144
7628 144
7629 144
7630 144
7631 144
7632 144
7633 144
7634 144
7635 144
7636 144
7637 144
7638 144
7639 144
7640 144
7641 144
7642 144
7643 144
7644 144
7645 144
7646 144
7647 144
7648 144
7649 144
7650 144
7651 144
7652 144
7653 144
7654 144
7655 144
7656 144
7657 144
7658 144
7659 144
7660 144
7661 144
7662 144
7663 144
7664 144
7665 144
7666 144
7667 144
7668 144
7669 144
7670 144
7671 144
7672 144
7673 144
7674 144
7675 144
7676 144
7677 144
7678 144
7679 144
7680 144
7681 144
7682 144
7683 144
7684 144
7685 144
7686 144
7687 144
7688 144
7689 144
7690 144
7691 144
7692 144
7693 144
7694 144
7695 144
7696 144
7697 144
7698 144
7699 144
7700 144
7701 144
7702 144
7703 144
7704 144
7705 144
7706 144
7707 144
7708 144
7709 144
7710 144
7711 144
7712 144
7713 144
7714 144
7715 144
7716 144
7717 144
7718 144
7719 144
7720 144
7721 144
7722 144
7723 144
7724 144
7725 144
7726 144
7727 144
7728 144
7729 144
7730 144
7731 144
7732 144
7733 144
7734 144
7735 144
7736 144
7737 144
7738 144
7739 144
7740 144
7741 144
7742 144
7743 144
7744 144
7745 144
7746 144
7747 144
7748 144
7749 144
7750 144
7751 144
7752 144
7753 144
7754 144
7755 144
7756 144
7757 144
7758 144
7759 144
7760 144
7761 144
7762 144
7763 144
7764 144
7765 144
7766 144
7767 144
7768 144
7769 144
7770 144
7771 144
7772 144
7773 144
7774 144
7775 144
7776 144
7777 144
7778 144
7779 144
7780 144
7781 144
7782 144
7783 144
7784 144
7785 144
7786 144
7787 144
7788 144
7789 144
7790 144
7791 144
7792 144
7793 144
7794 144
7795 144
7796 144
7797 144
7798 144
7799 144
7800 144
7801 144
7802 144
7803 144
7804 144
7805 144
7806 144
7807 144
7808 144
7809 144
7810 144
7811 144
7812 144
7813 144
7814 144
7815 144
7816 144
7817 144
7818 144
7819 144
7820 144
7821 144
7822 144
7823 144
7824 144
7825 144
7826 144
7827 144
7828 144
7829 144
7830 144
7831 144
7832 144
7833 144
7834 144
7835 144
7836 144
7837 144
7838 144
7839 144
7840 144
7841 144
7842 144
7843 144
7844 144
7845 144
7846 144
7847 144
7848 144
7849 144
7850 144
7851 144
7852 144
7853 144
7854 144
7855 144
7856 144
7857 144
7858 144
7859 144
7860 144
7861 144
7862 144
7863 144
7864 144
7865 144
7866 144
7867 144
7868 144
7869 144
7870 144
7871 144
7872 144
7873 144
7874 144
7875 144
7876 144
7877 144
7878 144
7879 144
7880 144
7881 144
7882 144
7883 144
7884 144
7885 144
7886 144
7887 144
7888 144
7889 144
7890 144
7891 144
7892 144
7893 144
7894 144
7895 144
7896 144
7897 144
7898 144
7899 144
7900 144
7901 144
7902 144
7903 144
7904 144
7905 144
7906 144
7907 144
7908 144
7909 144
7910 144
7911 144
7912 144
7913 144
7914 144
7915 144
7916 144
7917 144
7918 144
7919 144
7920 146
7921 146
7922 146
7923 146
7924 146
7925 146
7926 146
7927 146
7928 146
7929 146
7930 146
7931 146
7932 146
7933 146
7934 146
7935 146
7936 146
7937 146
7938 146
7939 146
7940 146
7941 146
7942 146
7943 146
7944 146
7945 146
7946 146
7947 146
7948 146
7949 146
7950 146
7951 146
7952 146
7953 146
7954 146
7955 146
7956 146
7957 146
7958 146
7959 146
7960 146
7961 146
7962 146
7963 146
7964 146
7965 146
7966 146
7967 146
7968 146
7969 146
7970 146
7971 146
7972 146
7973 146
7974 146
7975 146
7976 146
7977 146
7978 146
7979 146
7980 146
7981 146
7982 146
7983 146
7984 146
7985 146
7986 146
7987 146
7988 146
7989 146
7990 146
7991 146
7992 146
7993 146
7994 146
7995 146
7996 146
7997 146
7998 146
7999 146
8000 146
8001 146
8002 146
8003 146
8004 146
8005 146
8006 146
8007 146
8008 148
8009 148
8010 148
8011 148
8012 148
8013 148
8014 148
8015 148
8016 148
8017 148
8018 148
8019 148
8020 148
8021 148
8022 148
8023 148
8024 148
8025 148
8026 148
8027 148
8028 148
8029 148
8030 148
8031 148
8032 148
8033 148
8034 148
8035 148
8036 148
8037 148
8038 148
8039 148
8040 148
8041 148
8042 148
8043 148
8044 148
8045 148
8046 148
8047 148
8048 148
8049 148
8050 148
8051 148
8052 148
8053 148
8054 148
8055 148
8056 148
8057 148
8058 148
8059 148
8060 148
8061 148
8062 148
8063 148
8064 148
8065 148
8066 148
8067 148
8068 148
8069 148
8070 148
8071 148
8072 148
8073 148
8074 148
8075 148
8076 148
8077 148
8078 148
8079 148
8080 148
8081 148
8082 148
8083 148
8084 148
8085 148
8086 148
8087 148
8088 148
8089 148
8090 148
8091 148
8092 148
8093 148
8094 148
8095 148
8096 148
8097 148
8098 148
8099 148
8100 148
8101 148
8102 148
8103 148
8104 148
8105 148
8106 148
8107 148
8108 148
8109 148
8110 148
8111 148
8112 148
8113 148
8114 148
8115 148
8116 148
8117 148
8118 148
8119 148
8120 148
8121 148
8122 148
8123 148
8124 148
8125 148
8126 148
8127 148
8128 148
8129 148
8130 148
8131 148
8132 148
8133 148
8134 148
8135 148
8136 148
8137 148
8138 148
8139 148
8140 148
8141 148
8142 148
8143 148
8144 148
8145 148
8146 148
8147 148
8148 148
8149 148
8150 148
8151 148
8152 148
8153 148
8154 148
8155 148
8156 148
8157 148
8158 148
8159 148
8160 148
8161 148
8162 148
8163 148
8164 148
8165 148
8166 148
8167 148
8168 148
8169 148
8170 148
8171 148
8172 148
8173 148
8174 148
8175 148
8176 148
8177 148
8178 148
8179 148
8180 148
8181 148
8182 148
8183 148
8184 148
8185 148
8186 148
8187 148
8188 148
8189 148
8190 150
8191 150
8192 150
8193 150
8194 150
8195 150
8196 150
8197 150
8198 150
8199 150
8200 150
8201 150
8202 150
8203 150
8204 150
8205 150
8206 150
8207 150
8208 150
8209 150
8210 150
8211 150
8212 150
8213 150
8214 150
8215 150
8216 150
8217 150
8218 150
8219 150
8220 150
8221 150
8222 150
8223 150
8224 150
8225 150
8226 150
8227 150
8228 150
8229 150
8230 150
8231 150
8232 150
8233 150
8234 150
8235 150
8236 150
8237 150
8238 150
8239 150
8240 150
8241 150
8242 150
8243 150
8244 150
8245 150
8246 150
8247 150
8248 150
8249 150
8250 150
8251 150
8252 150
8253 150
8254 150
8255 150
8256 150
8257 150
8258 150
8259 150
8260 150
8261 150
8262 150
8263 150
8264 150
8265 150
8266 150
8267 150
8268 150
8269 150
8270 150
8271 150
8272 150
8273 150
8274 150
8275 150
8276 150
8277 150
8278 150
8279 150
8280 150
8281 150
8282 150
8283 150
8284 150
8285 150
8286 150
8287 150
8288 150
8289 150
8290 150
8291 150
8292 150
8293 150
8294 150
8295 150
8296 150
8297 150
8298 150
8299 150
8300 150
8301 150
8302 150
8303 150
8304 150
8305 150
8306 150
8307 150
8308 150
8309 150
8310 150
8311 150
8312 150
8313 150
8314 150
8315 150
8316 152
8317 152
8318 152
8319 152
8320 152
8321 152
8322 152
8323 152
8324 152
8325 152
8326 152
8327 152
8328 152
8329 152
8330 152
8331 152
8332 152
8333 152
8334 152
8335 152
8336 152
8337 152
8338 152
8339 152
8340 152
8341 152
8342 152
8343 152
8344 152
8345 152
8346 152
8347 152
8348 152
8349 152
8350 152
8351 152
8352 152
8353 152
8354 152
8355 152
8356 152
8357 152
8358 152
8359 152
8360 152
8361 152
8362 152
8363 152
8364 152
8365 152
8366 152
8367 152
8368 152
8369 152
8370 152
8371 152
8372 152
8373 152
8374 152
8375 152
8376 152
8377 152
8378 152
8379 152
8380 152
8381 152
8382 152
8383 152
8384 152
8385 152
8386 152
8387 152
8388 152
8389 152
8390 152
8391 152
8392 152
8393 152
8394 152
8395 152
8396 152
8397 152
8398 152
8399 152
8400 152
8401 152
8402 152
8403 152
8404 152
8405 152
8406 152
8407 152
8408 152
8409 152
8410 152
8411 152
8412 152
8413 152
8414 152
8415 152
8416 152
8417 152
8418 152
8419 152
8420 152
8421 152
8422 152
8423 152
8424 152
8425 152
8426 152
8427 152
8428 152
8429 152
8430 152
8431 152
8432 152
8433 152
8434 152
8435 152
8436 152
8437 152
8438 152
8439 152
8440 152
8441 152
8442 152
8443 152
8444 152
8445 152
8446 152
8447 152
8448 152
8449 152
8450 152
8451 152
8452 152
8453 152
8454 152
8455 152
8456 152
8457 152
8458 152
8459 152
8460 152
8461 152
8462 152
8463 152
8464 152
8465 152
8466 152
8467 152
8468 152
8469 152
8470 152
8471 152
8472 152
8473 152
8474 152
8475 152
8476 152
8477 152
8478 152
8479 152
8480 152
8481 152
8482 152
8483 152
8484 152
8485 152
8486 152
8487 152
8488 152
8489 152
8490 152
8491 152
8492 152
8493 152
8494 152
8495 152
8496 152
8497 152
8498 152
8499 152
8500 152
8501 152
8502 152
8503 152
8504 152
8505 152
8506 152
8507 152
8508 152
8509 152
8510 152
8511 152
8512 152
8513 152
8514 152
8515 152
8516 152
8517 152
8518 152
8519 152
8520 152
8521 152
8522 152
8523 152
8524 152
8525 152
8526 152
8527 152
8528 152
8529 152
8530 152
8531 152
8532 152
8533 152
8534 152
8535 152
8536 152
8537 152
8538 152
8539 152
8540 152
8541 152
8542 152
8543 152
8544 152
8545 152
8546 152
8547 152
8548 152
8549 152
8550 152
8551 152
8552 152
8553 152
8554 152
8555 152
8556 152
8557 152
8558 152
8559 152
8560 152
8561 152
8562 152
8563 152
8564 152
8565 152
8566 152
8567 152
8568 152
8569 152
8570 152
8571 152
8572 152
8573 152
8574 152
8575 152
8576 152
8577 152
8578 152
8579 152
8580 154
8581 154
8582 154
8583 154
8584 154
8585 154
8586 154
8587 154
8588 154
8589 154
8590 154
8591 154
8592 154
8593 154
8594 154
8595 154
8596 154
8597 154
8598 154
8599 154
8600 154
8601 154
8602 154
8603 154
8604 154
8605 154
8606 154
8607 154
8608 154
8609 154
8610 154
8611 154
8612 154
8613 154
8614 154
8615 154
8616 154
8617 154
8618 154
8619 154
8620 154
8621 154
8622 154
8623 154
8624 154
8625 154
8626 154
8627 154
8628 154
8629 154
8630 154
8631 154
8632 154
8633 154
8634 154
8635 154
8636 154
8637 154
8638 154
8639 154
8640 154
8641 154
8642 154
8643 154
8644 154
8645 154
8646 154
8647 154
8648 154
8649 154
8650 154
8651 154
8652 154
8653 154
8654 154
8655 154
8656 154
8657 154
8658 154
8659 154
8660 154
8661 154
8662 154
8663 154
8664 154
8665 154
8666 154
8667 154
8668 154
8669 154
8670 154
8671 154
8672 154
8673 154
8674 154
8675 154
8676 154
8677 154
8678 154
8679 154
8680 154
8681 154
8682 154
8683 154
8684 154
8685 154
8686 154
8687 154
8688 154
8689 154
8690 154
8691 154
8692 154
8693 154
8694 154
8695 154
8696 154
8697 154
8698 154
8699 154
8700 154
8701 154
8702 154
8703 154
8704 154
8705 154
8706 154
8707 154
8708 154
8709 154
8710 154
8711 154
8712 154
8713 154
8714 154
8715 154
8716 154
8717 154
8718 154
8719 154
8720 154
8721 154
8722 154
8723 154
8724 154
8725 154
8726 154
8727 154
8728 154
8729 154
8730 154
8731 154
8732 154
8733 154
8734 154
8735 154
8736 154
8737 154
8738 154
8739 154
8740 154
8741 154
8742 154
8743 154
8744 154
8745 154
8746 154
8747 154
8748 154
8749 154
8750 154
8751 154
8752 154
8753 154
8754 154
8755 154
8756 154
8757 154
8758 154
8759 154
8760 154
8761 154
8762 154
8763 154
8764 154
8765 154
8766 154
8767 154
8768 154
8769 154
8770 154
8771 154
8772 154
8773 154
8774 154
8775 154
8776 154
8777 154
8778 154
8779 154
8780 154
8781 154
8782 154
8783 154
8784 154
8785 154
8786 154
8787 154
8788 154
8789 154
8790 154
8791 154
8792 154
8793 154
8794 154
8795 154
8796 154
8797 154
8798 154
8799 154
8800 154
8801 154
8802 154
8803 154
8804 154
8805 154
8806 154
8807 154
8808 154
8809 154
8810 154
8811 154
8812 154
8813 154
8814 154
8815 154
8816 154
8817 154
8818 154
8819 154
8820 154
8821 154
8822 154
8823 154
8824 154
8825 154
8826 154
8827 154
8828 154
8829 154
8830 154
8831 154
8832 154
8833 154
8834 154
8835 154
8836 154
8837 154
8838 154
8839 154
8840 154
8841 154
8842 154
8843 154
8844 154
8845 154
8846 154
8847 154
8848 154
8849 154
8850 154
8851 154
8852 154
8853 154
8854 154
8855 154
8856 154
8857 154
8858 154
8859 154
8860 154
8861 154
8862 154
8863 154
8864 154
8865 154
8866 154
8867 154
8868 154
8869 154
8870 154
8871 154
8872 154
8873 154
8874 154
8875 154
8876 154
8877 154
8878 154
8879 154
8880 154
8881 154
8882 154
8883 154
8884 154
8885 154
8886 154
8887 154
8888 154
8889 154
8890 154
8891 154
8892 154
8893 154
8894 154
8895 154
8896 154
8897 154
8898 154
8899 154
8900 154
8901 154
8902 154
8903 154
8904 154
8905 154
8906 154
8907 154
8908 154
8909 154
8910 154
8911 154
8912 154
8913 154
8914 154
8915 154
8916 154
8917 154
8918 154
8919 154
8920 154
8921 154
8922 154
8923 154
8924 154
8925 154
8926 154
8927 154
8928 154
8929 154
8930 154
8931 154
8932 154
8933 154
8934 154
8935 154
8936 154
8937 154
8938 154
8939 154
8940 154
8941 154
8942 154
8943 154
8944 154
8945 154
8946 154
8947 154
8948 154
8949 154
8950 154
8951 154
8952 154
8953 154
8954 154
8955 154
8956 154
8957 154
8958 154
8959 154
8960 154
8961 154
8962 154
8963 154
8964 154
8965 154
8966 154
8967 154
8968 154
8969 154
8970 154
8971 154
8972 154
8973 154
8974 154
8975 154
8976 154
8977 154
8978 154
8979 154
8980 154
8981 154
8982 154
8983 154
8984 154
8985 154
8986 154
8987 154
8988 154
8989 154
8990 154
8991 154
8992 154
8993 154
8994 154
8995 154
8996 154
8997 154
8998 154
8999 154
9000 154
9001 154
9002 154
9003 154
9004 154
9005 154
9006 154
9007 154
9008 154
9009 156
9010 156
9011 156
9012 156
9013 156
9014 156
9015 156
9016 156
9017 156
9018 156
9019 156
9020 156
9021 156
9022 156
9023 156
9024 156
9025 156
9026 156
9027 156
9028 156
9029 156
9030 156
9031 156
9032 156
9033 156
9034 156
9035 156
9036 156
9037 156
9038 156
9039 156
9040 156
9041 156
9042 156
9043 156
9044 156
9045 156
9046 156
9047 156
9048 156
9049 156
9050 156
9051 156
9052 156
9053 156
9054 156
9055 156
9056 156
9057 156
9058 156
9059 156
9060 156
9061 156
9062 156
9063 156
9064 156
9065 156
9066 156
9067 156
9068 156
9069 156
9070 156
9071 156
9072 156
9073 156
9074 156
9075 156
9076 156
9077 156
9078 156
9079 156
9080 156
9081 156
9082 156
9083 156
9084 156
9085 156
9086 156
9087 156
9088 156
9089 156
9090 156
9091 156
9092 156
9093 156
9094 156
9095 156
9096 156
9097 156
9098 156
9099 156
9100 156
9101 156
9102 156
9103 156
9104 156
9105 156
9106 156
9107 156
9108 156
9109 156
9110 156
9111 156
9112 156
9113 156
9114 156
9115 156
9116 156
9117 156
9118 156
9119 156
9120 156
9121 156
9122 156
9123 156
9124 156
9125 156
9126 156
9127 156
9128 156
9129 156
9130 156
9131 156
9132 156
9133 156
9134 156
9135 156
9136 156
9137 156
9138 156
9139 156
9140 156
9141 156
9142 156
9143 156
9144 156
9145 156
9146 156
9147 156
9148 156
9149 156
9150 156
9151 156
9152 156
9153 156
9154 156
9155 156
9156 156
9157 156
9158 156
9159 156
9160 156
9161 156
9162 156
9163 156
9164 156
9165 156
9166 156
9167 156
9168 156
9169 156
9170 156
9171 156
9172 156
9173 156
9174 156
9175 156
9176 156
9177 156
9178 156
9179 156
9180 156
9181 156
9182 156
9183 156
9184 156
9185 156
9186 156
9187 156
9188 156
9189 156
9190 156
9191 156
9192 156
9193 156
9194 156
9195 156
9196 156
9197 156
9198 156
9199 156
9200 156
9201 156
9202 156
9203 156
9204 156
9205 156
9206 156
9207 156
9208 156
9209 156
9210 156
9211 156
9212 156
9213 156
9214 156
9215 156
9216 156
9217 156
9218 156
9219 156
9220 156
9221 156
9222 156
9223 156
9224 156
9225 156
9226 156
9227 156
9228 156
9229 156
9230 156
9231 156
9232 156
9233 156
9234 156
9235 156
9236 156
9237 156
9238 156
9239 156
9240 158
9241 158
9242 158
9243 158
9244 158
9245 158
9246 158
9247 158
9248 158
9249 158
9250 158
9251 158
9252 158
9253 158
9254 158
9255 158
9256 158
9257 158
9258 158
9259 158
9260 158
9261 158
9262 158
9263 158
9264 158
9265 158
9266 158
9267 158
9268 158
9269 158
9270 158
9271 158
9272 158
9273 158
9274 158
9275 158
9276 158
9277 158
9278 158
9279 158
9280 158
9281 158
9282 158
9283 158
9284 158
9285 158
9286 158
9287 158
9288 158
9289 158
9290 158
9291 158
9292 158
9293 158
9294 158
9295 158
9296 158
9297 158
9298 158
9299 158
9300 158
9301 158
9302 158
9303 158
9304 158
9305 158
9306 158
9307 158
9308 158
9309 158
9310 158
9311 158
9312 158
9313 158
9314 158
9315 158
9316 158
9317 158
9318 158
9319 158
9320 158
9321 158
9322 158
9323 158
9324 158
9325 158
9326 158
9327 158
9328 158
9329 158
9330 158
9331 158
9332 158
9333 158
9334 158
9335 158
9336 158
9337 158
9338 158
9339 158
9340 158
9341 158
9342 158
9343 158
9344 158
9345 158
9346 158
9347 158
9348 158
9349 158
9350 158
9351 158
9352 158
9353 158
9354 158
9355 158
9356 158
9357 158
9358 158
9359 158
9360 160
9361 160
9362 160
9363 160
9364 160
9365 160
9366 160
9367 160
9368 160
9369 160
9370 160
9371 160
9372 160
9373 160
9374 160
9375 160
9376 160
9377 160
9378 160
9379 160
9380 160
9381 160
9382 160
9383 160
9384 160
9385 160
9386 160
9387 160
9388 160
9389 160
9390 160
9391 160
9392 160
9393 160
9394 160
9395 160
9396 160
9397 160
9398 160
9399 160
9400 160
9401 160
9402 160
9403 160
9404 160
9405 160
9406 160
9407 160
9408 160
9409 160
9410 160
9411 160
9412 160
9413 160
9414 160
9415 160
9416 160
9417 160
9418 160
9419 160
9420 160
9421 160
9422 160
9423 160
9424 160
9425 160
9426 160
9427 160
9428 160
9429 160
9430 160
9431 160
9432 160
9433 160
9434 160
9435 160
9436 160
9437 160
9438 160
9439 160
9440 160
9441 160
9442 160
9443 160
9444 160
9445 160
9446 160
9447 160
9448 160
9449 160
9450 160
9451 160
9452 160
9453 160
9454 160
9455 160
9456 160
9457 160
9458 160
9459 160
9460 160
9461 160
9462 160
9463 160
9464 160
9465 160
9466 160
9467 160
9468 160
9469 160
9470 160
9471 160
9472 160
9473 160
9474 160
9475 160
9476 160
9477 160
9478 160
9479 160
9480 160
9481 160
9482 160
9483 160
9484 160
9485 160
9486 160
9487 160
9488 160
9489 160
9490 160
9491 160
9492 160
9493 160
9494 160
9495 160
9496 160
9497 160
9498 160
9499 160
9500 160
9501 160
9502 160
9503 160
9504 160
9505 160
9506 160
9507 160
9508 160
9509 160
9510 160
9511 160
9512 160
9513 160
9514 160
9515 160
9516 160
9517 160
9518 160
9519 160
9520 160
9521 160
9522 160
9523 160
9524 160
9525 160
9526 160
9527 160
9528 160
9529 160
9530 160
9531 160
9532 160
9533 160
9534 160
9535 160
9536 160
9537 160
9538 160
9539 160
9540 160
9541 160
9542 160
9543 160
9544 160
9545 160
9546 160
9547 160
9548 160
9549 160
9550 160
9551 160
9552 160
9553 160
9554 160
9555 160
9556 160
9557 160
9558 160
9559 160
9560 160
9561 160
9562 160
9563 160
9564 160
9565 160
9566 160
9567 160
9568 160
9569 160
9570 160
9571 160
9572 160
9573 160
9574 160
9575 160
9576 160
9577 160
9578 160
9579 160
9580 160
9581 160
9582 160
9583 160
9584 160
9585 160
9586 160
9587 160
9588 160
9589 160
9590 160
9591 160
9592 160
9593 160
9594 160
9595 160
9596 160
9597 160
9598 160
9599 160
9600 160
9601 160
9602 160
9603 160
9604 160
9605 160
9606 160
9607 160
9608 160
9609 160
9610 160
9611 160
9612 160
9613 160
9614 160
9615 160
9616 160
9617 160
9618 160
9619 160
9620 160
9621 160
9622 160
9623 160
9624 160
9625 160
9626 160
9627 160
9628 160
9629 160
9630 160
9631 160
9632 160
9633 160
9634 160
9635 160
9636 160
9637 160
9638 160
9639 160
9640 160
9641 160
9642 160
9643 160
9644 160
9645 160
9646 160
9647 160
9648 160
9649 160
9650 160
9651 160
9652 160
9653 160
9654 160
9655 160
9656 160
9657 160
9658 160
9659 160
9660 160
9661 160
9662 160
9663 160
9664 160
9665 160
9666 160
9667 160
9668 160
9669 160
9670 160
9671 160
9672 160
9673 160
9674 160
9675 160
9676 160
9677 160
9678 160
9679 160
9680 160
9681 160
9682 160
9683 160
9684 160
9685 160
9686 160
9687 160
9688 160
9689 160
9690 160
9691 160
9692 160
9693 160
9694 160
9695 160
9696 160
9697 160
9698 160
9699 160
9700 160
9701 160
9702 160
9703 160
9704 160
9705 160
9706 160
9707 160
9708 160
9709 160
9710 160
9711 160
9712 160
9713 160
9714 160
9715 160
9716 160
9717 160
9718 160
9719 160
9720 160
9721 160
9722 160
9723 160
9724 160
9725 160
9726 160
9727 160
9728 160
9729 160
9730 160
9731 160
9732 160
9733 160
9734 160
9735 160
9736 160
9737 160
9738 160
9739 160
9740 160
9741 160
9742 160
9743 160
9744 160
9745 160
9746 160
9747 160
9748 160
9749 160
9750 160
9751 160
9752 160
9753 160
9754 160
9755 160
9756 160
9757 160
9758 160
9759 160
9760 160
9761 160
9762 160
9763 160
9764 160
9765 160
9766 160
9767 160
9768 160
9769 160
9770 160
9771 160
9772 160
9773 160
9774 160
9775 160
9776 160
9777 160
9778 160
9779 160
9780 160
9781 160
9782 160
9783 160
9784 160
9785 160
9786 160
9787 160
9788 160
9789 160
9790 160
9791 160
9792 160
9793 160
9794 160
9795 160
9796 160
9797 160
9798 160
9799 160
9800 160
9801 160
9802 160
9803 160
9804 160
9805 160
9806 160
9807 160
9808 160
9809 160
9810 160
9811 160
9812 160
9813 160
9814 160
9815 160
9816 160
9817 160
9818 160
9819 160
9820 160
9821 160
9822 160
9823 160
9824 160
9825 160
9826 160
9827 160
9828 162
9829 162
9830 162
9831 162
9832 162
9833 162
9834 162
9835 162
9836 162
9837 162
9838 162
9839 162
9840 162
9841 162
9842 162
9843 162
9844 162
9845 162
9846 162
9847 162
9848 162
9849 162
9850 162
9851 162
9852 162
9853 162
9854 162
9855 162
9856 162
9857 162
9858 162
9859 162
9860 162
9861 162
9862 162
9863 162
9864 162
9865 162
9866 162
9867 162
9868 162
9869 162
9870 162
9871 162
9872 162
9873 162
9874 162
9875 162
9876 162
9877 162
9878 162
9879 162
9880 162
9881 162
9882 162
9883 162
9884 162
9885 162
9886 162
9887 162
9888 162
9889 162
9890 162
9891 162
9892 162
9893 162
9894 162
9895 162
9896 162
9897 162
9898 162
9899 162
9900 162
9901 162
9902 162
9903 162
9904 162
9905 162
9906 162
9907 162
9908 162
9909 162
9910 162
9911 162
9912 162
9913 162
9914 162
9915 162
9916 162
9917 162
9918 162
9919 162
9920 162
9921 162
9922 162
9923 162
9924 162
9925 162
9926 162
9927 162
9928 162
9929 162
9930 162
9931 162
9932 162
9933 162
9934 162
9935 162
9936 162
9937 162
9938 162
9939 162
9940 162
9941 162
9942 162
9943 162
9944 162
9945 162
9946 162
9947 162
9948 162
9949 162
9950 162
9951 162
9952 162
9953 162
9954 162
9955 162
9956 162
9957 162
9958 162
9959 162
9960 162
9961 162
9962 162
9963 162
9964 162
9965 162
9966 162
9967 162
9968 162
9969 162
9970 162
9971 162
9972 162
9973 162
9974 162
9975 162
9976 162
9977 162
9978 162
9979 162
9980 162
9981 162
9982 162
9983 162
9984 162
9985 162
9986 162
9987 162
9988 162
9989 162
9990 162
9991 162
9992 162
9993 162
9994 162
9995 162
9996 162
9997 162
9998 162
9999 162
10000 162
