# Computed by Robert Israel, September 03 2020
# using Maple 2019.2, X86 64 WINDOWS, Nov 26 2019, Build ID 1435526
1 1
2 2
3 3
4 3
5 4
6 5
7 6
8 6
9 5
10 6
11 7
12 8
13 9
14 10
15 11
16 10
17 11
18 12
19 13
20 13
21 14
22 15
23 16
24 17
25 15
26 16
27 15
28 15
29 16
30 17
31 18
32 17
33 18
34 19
35 20
36 20
37 21
38 22
39 23
40 24
41 25
42 26
43 27
44 27
45 28
46 29
47 30
48 30
49 26
50 26
51 27
52 27
53 28
54 29
55 30
56 31
57 32
58 33
59 34
60 35
61 36
62 37
63 38
64 36
65 37
66 38
67 39
68 39
69 40
70 41
71 42
72 42
73 43
74 44
75 44
76 44
77 45
78 46
79 47
80 48
81 45
82 46
83 47
84 48
85 49
86 50
87 51
88 51
89 52
90 53
91 54
92 54
93 55
94 56
95 57
96 58
97 59
98 58
99 57
100 55
101 56
102 57
103 58
104 58
105 59
106 60
107 61
108 62
109 63
110 64
111 65
112 66
113 67
114 68
115 69
116 69
117 68
118 69
119 70
120 71
121 66
122 67
123 68
124 68
125 66
126 67
127 68
128 66
129 67
130 68
131 69
132 70
133 71
134 72
135 73
136 73
137 74
138 75
139 76
140 77
141 78
142 79
143 80
144 78
145 79
146 80
147 79
148 79
149 80
150 81
151 82
152 82
153 81
154 82
155 83
156 84
157 85
158 86
159 87
160 88
161 89
162 89
163 90
164 90
165 91
166 92
167 93
168 94
169 87
170 88
171 87
172 87
173 88
174 89
175 89
176 90
177 91
178 92
179 93
180 93
181 94
182 95
183 96
184 96
185 97
186 98
187 99
188 99
189 100
190 101
191 102
192 102
193 103
194 104
195 105
196 103
197 104
198 105
199 106
200 105
201 106
202 107
203 108
204 109
205 110
206 111
207 110
208 111
209 112
210 113
211 114
212 114
213 115
214 116
215 117
216 118
217 119
218 120
219 121
220 122
221 123
222 124
223 125
224 126
225 123
226 124
227 125
228 126
229 127
230 128
231 129
232 129
233 130
234 131
235 132
236 132
237 133
238 134
239 135
240 136
241 137
242 135
243 132
244 132
245 132
246 133
247 134
248 134
249 135
250 135
251 136
252 137
253 138
254 139
255 140
256 136
257 137
258 138
259 139
260 140
261 139
262 140
263 141
264 142
265 143
266 144
267 145
268 145
269 146
270 147
271 148
272 147
273 148
274 149
275 150
276 151
277 152
278 153
279 152
280 153
281 154
282 155
283 156
284 156
285 157
286 158
287 159
288 159
289 150
290 151
291 152
292 152
293 153
294 153
295 154
296 154
297 155
298 156
299 157
300 157
301 158
302 159
303 160
304 159
305 160
306 161
307 162
308 163
309 164
310 165
311 166
312 167
313 168
314 169
315 170
316 170
317 171
318 172
319 173
320 173
321 174
322 175
323 176
324 174
325 174
326 175
327 176
328 176
329 177
330 178
331 179
332 179
333 178
334 179
335 180
336 181
337 182
338 181
339 182
340 183
341 184
342 185
343 181
344 181
345 182
346 183
347 184
348 185
349 186
350 187
351 188
352 189
353 190
354 191
355 192
356 192
357 193
358 194
359 195
360 195
361 184
362 185
363 183
364 184
365 185
366 186
367 187
368 186
369 185
370 186
371 187
372 188
373 189
374 190
375 190
376 190
377 191
378 192
379 193
380 194
381 195
382 196
383 197
384 197
385 198
386 199
387 198
388 198
389 199
390 200
391 201
392 200
393 201
394 202
395 203
396 204
397 205
398 206
399 207
400 204
401 205
402 206
403 207
404 207
405 207
406 208
407 209
408 210
409 211
410 212
411 213
412 213
413 214
414 215
415 216
416 217
417 218
418 219
419 220
420 221
421 222
422 223
423 222
424 222
425 223
426 224
427 225
428 225
429 226
430 227
431 228
432 227
433 228
434 229
435 230
436 230
437 231
438 232
439 233
440 234
441 230
442 231
443 232
444 233
445 234
446 235
447 236
448 236
449 237
450 237
451 238
452 238
453 239
454 240
455 241
456 242
457 243
458 244
459 245
460 245
461 246
462 247
463 248
464 247
465 248
466 249
467 250
468 251
469 252
470 253
471 254
472 254
473 255
474 256
475 257
476 258
477 257
478 258
479 259
480 260
481 261
482 262
483 263
484 258
485 259
486 259
487 260
488 260
489 261
490 261
491 262
492 263
493 264
494 265
495 266
496 265
497 266
498 267
499 268
500 266
501 267
502 268
503 269
504 270
505 271
506 272
507 270
508 270
509 271
510 272
511 273
512 269
513 270
514 271
515 272
516 273
517 274
518 275
519 276
520 277
521 278
522 279
523 280
524 280
525 281
526 282
527 283
528 284
529 270
530 271
531 270
532 271
533 272
534 273
535 274
536 274
537 275
538 276
539 276
540 277
541 278
542 279
543 280
544 280
545 281
546 282
547 283
548 283
549 282
550 283
551 284
552 285
553 286
554 287
555 288
556 288
557 289
558 290
559 291
560 292
561 293
562 294
563 295
564 296
565 297
566 298
567 297
568 297
569 298
570 299
571 300
572 301
573 302
574 303
575 304
576 302
577 303
578 300
579 301
580 301
581 302
582 303
583 304
584 304
585 305
586 306
587 307
588 307
589 308
590 309
591 310
592 309
593 310
594 311
595 312
596 312
597 313
598 314
599 315
600 315
601 316
602 317
603 316
604 316
605 314
606 315
607 316
608 317
609 318
610 319
611 320
612 321
613 322
614 323
615 324
616 325
617 326
618 327
619 328
620 328
621 329
622 330
623 331
624 332
625 324
626 325
627 326
628 326
629 327
630 328
631 329
632 329
633 330
634 331
635 332
636 333
637 333
638 334
639 333
640 333
641 334
642 335
643 336
644 337
645 338
646 339
647 340
648 339
649 340
650 340
651 341
652 341
653 342
654 343
655 344
656 343
657 342
658 343
659 344
660 345
661 346
662 347
663 348
664 348
665 349
666 350
667 351
668 351
669 352
670 353
671 354
672 355
673 356
674 357
675 355
676 350
677 351
678 352
679 353
680 354
681 355
682 356
683 357
684 357
685 358
686 357
687 358
688 357
689 358
690 359
691 360
692 360
693 361
694 362
695 363
696 364
697 365
698 366
699 367
700 368
701 369
702 370
703 371
704 371
705 372
706 373
707 374
708 375
709 376
710 377
711 376
712 376
713 377
714 378
715 379
716 379
717 380
718 381
719 382
720 382
721 383
722 380
723 381
724 381
725 379
726 379
727 380
728 381
729 373
730 374
731 375
732 376
733 377
734 378
735 379
736 380
737 381
738 382
739 383
740 383
741 384
742 385
743 386
744 387
745 388
746 389
747 388
748 389
749 390
750 391
751 392
752 391
753 392
754 393
755 394
756 395
757 396
758 397
759 398
760 399
761 400
762 401
763 402
764 402
765 403
766 404
767 405
768 404
769 405
770 406
771 407
772 407
773 408
774 409
775 407
776 407
777 408
778 409
779 410
780 411
781 412
782 413
783 412
784 409
785 410
786 411
787 412
788 412
789 413
790 414
791 415
792 416
793 417
794 418
795 419
796 419
797 420
798 421
799 422
800 420
801 419
802 420
803 421
804 422
805 423
806 424
807 425
808 425
809 426
810 427
811 428
812 428
813 429
814 430
815 431
816 432
817 433
818 434
819 435
820 435
821 436
822 437
823 438
824 438
825 439
826 440
827 441
828 441
829 442
830 443
831 444
832 445
833 444
834 445
835 446
836 447
837 446
838 447
839 448
840 449
841 435
842 436
843 437
844 437
845 436
846 437
847 435
848 434
849 435
850 436
851 437
852 438
853 439
854 440
855 441
856 441
857 442
858 443
859 444
860 444
861 445
862 446
863 447
864 447
865 448
866 449
867 446
868 446
869 447
870 448
871 449
872 449
873 448
874 449
875 450
876 451
877 452
878 453
879 454
880 455
881 456
882 455
883 456
884 457
885 458
886 459
887 460
888 461
889 462
890 463
891 464
892 464
893 465
894 466
895 467
896 467
897 468
898 469
899 470
900 468
901 469
902 470
903 471
904 471
905 472
906 473
907 474
908 474
909 473
910 474
911 475
912 476
913 477
914 478
915 479
916 479
917 480
918 481
919 482
920 483
921 484
922 485
923 486
924 487
925 485
926 486
927 485
928 486
929 487
930 488
931 488
932 488
933 489
934 490
935 491
936 492
937 493
938 494
939 495
940 495
941 496
942 497
943 498
944 497
945 498
946 499
947 500
948 501
949 502
950 503
951 504
952 505
953 506
954 507
955 508
956 508
957 509
958 510
959 511
960 512
961 496
962 497
963 496
964 496
965 497
966 498
967 499
968 494
969 495
970 496
971 497
972 496
973 497
974 498
975 499
976 498
977 499
978 500
979 501
980 501
981 500
982 501
983 502
984 503
985 504
986 505
987 506
988 507
989 508
990 509
991 510
992 511
993 512
994 513
995 514
996 515
997 516
998 517
999 516
1000 515
1001 516
1002 517
1003 518
1004 518
1005 519
1006 520
1007 521
1008 522
1009 523
1010 524
1011 525
1012 526
1013 527
1014 526
1015 527
1016 527
1017 526
1018 527
1019 528
1020 529
1021 530
1022 531
1023 532
1024 525
1025 523
1026 524
1027 525
1028 525
1029 524
1030 525
1031 526
1032 527
1033 528
1034 529
1035 530
1036 530
1037 531
1038 532
1039 533
1040 534
1041 535
1042 536
1043 537
1044 538
1045 539
1046 540
1047 541
1048 541
1049 542
1050 543
1051 544
1052 544
1053 544
1054 545
1055 546
1056 547
1057 548
1058 543
1059 544
1060 544
1061 545
1062 546
1063 547
1064 548
1065 549
1066 550
1067 551
1068 552
1069 553
1070 554
1071 555
1072 554
1073 555
1074 556
1075 554
1076 554
1077 555
1078 556
1079 557
1080 558
1081 559
1082 560
1083 555
1084 555
1085 556
1086 557
1087 558
1088 558
1089 550
1090 551
1091 552
1092 553
1093 554
1094 555
1095 556
1096 556
1097 557
1098 558
1099 559
1100 560
1101 561
1102 562
1103 563
1104 564
1105 565
1106 566
1107 565
1108 565
1109 566
1110 567
1111 568
1112 568
1113 569
1114 570
1115 571
1116 572
1117 573
1118 574
1119 575
1120 576
1121 577
1122 578
1123 579
1124 579
1125 578
1126 579
1127 579
1128 580
1129 581
1130 582
1131 583
1132 583
1133 584
1134 584
1135 585
1136 584
1137 585
1138 586
1139 587
1140 588
1141 589
1142 590
1143 589
1144 590
1145 591
1146 592
1147 593
1148 593
1149 594
1150 595
1151 596
1152 596
1153 597
1154 598
1155 599
1156 592
1157 593
1158 594
1159 595
1160 596
1161 595
1162 596
1163 597
1164 598
1165 599
1166 600
1167 601
1168 600
1169 601
1170 602
1171 603
1172 603
1173 604
1174 605
1175 603
1176 603
1177 604
1178 605
1179 604
1180 604
1181 605
1182 606
1183 605
1184 604
1185 605
1186 606
1187 607
1188 608
1189 609
1190 610
1191 611
1192 611
1193 612
1194 613
1195 614
1196 615
1197 616
1198 617
1199 618
1200 617
1201 618
1202 619
1203 620
1204 620
1205 621
1206 622
1207 623
1208 623
1209 624
1210 624
1211 625
1212 626
1213 627
1214 628
1215 628
1216 628
1217 629
1218 630
1219 631
1220 631
1221 632
1222 633
1223 634
1224 635
1225 629
1226 630
1227 631
1228 631
1229 632
1230 633
1231 634
1232 635
1233 634
1234 635
1235 636
1236 637
1237 638
1238 639
1239 640
1240 641
1241 642
1242 643
1243 644
1244 644
1245 645
1246 646
1247 647
1248 648
1249 649
1250 646
1251 645
1252 645
1253 646
1254 647
1255 648
1256 648
1257 649
1258 650
1259 651
1260 652
1261 653
1262 654
1263 655
1264 654
1265 655
1266 656
1267 657
1268 657
1269 656
1270 657
1271 658
1272 659
1273 660
1274 661
1275 662
1276 663
1277 664
1278 665
1279 666
1280 666
1281 667
1282 668
1283 669
1284 670
1285 671
1286 672
1287 673
1288 674
1289 675
1290 676
1291 677
1292 678
1293 679
1294 680
1295 681
1296 675
1297 676
1298 677
1299 678
1300 678
1301 679
1302 680
1303 681
1304 681
1305 682
1306 683
1307 684
1308 685
1309 686
1310 687
1311 688
1312 687
1313 688
1314 689
1315 690
1316 690
1317 691
1318 692
1319 693
1320 694
1321 695
1322 696
1323 694
1324 694
1325 692
1326 693
1327 694
1328 693
1329 694
1330 695
1331 690
1332 690
1333 691
1334 692
1335 693
1336 693
1337 694
1338 695
1339 696
1340 696
1341 695
1342 696
1343 697
1344 697
1345 698
1346 699
1347 700
1348 700
1349 701
1350 702
1351 703
1352 698
1353 699
1354 700
1355 701
1356 702
1357 703
1358 704
1359 703
1360 704
1361 705
1362 706
1363 707
1364 708
1365 709
1366 710
1367 711
1368 712
1369 693
1370 694
1371 695
1372 693
1373 694
1374 695
1375 696
1376 695
1377 696
1378 697
1379 698
1380 699
1381 700
1382 701
1383 702
1384 702
1385 703
1386 704
1387 705
1388 705
1389 706
1390 707
1391 708
1392 709
1393 710
1394 711
1395 712
1396 712
1397 713
1398 714
1399 715
1400 716
1401 717
1402 718
1403 719
1404 720
1405 721
1406 722
1407 723
1408 723
1409 724
1410 725
1411 726
1412 726
1413 725
1414 726
1415 727
1416 728
1417 729
1418 730
1419 731
1420 731
1421 731
1422 732
1423 733
1424 732
1425 733
1426 734
1427 735
1428 736
1429 737
1430 738
1431 737
1432 737
1433 738
1434 739
1435 740
1436 740
1437 741
1438 742
1439 743
1440 743
1441 744
1442 745
1443 746
1444 738
1445 735
1446 736
1447 737
1448 737
1449 738
1450 738
1451 739
1452 739
1453 740
1454 741
1455 742
1456 743
1457 744
1458 741
1459 742
1460 742
1461 743
1462 744
1463 745
1464 746
1465 747
1466 748
1467 747
1468 747
1469 748
1470 749
1471 750
1472 750
1473 751
1474 752
1475 750
1476 750
1477 751
1478 752
1479 753
1480 754
1481 755
1482 756
1483 757
1484 757
1485 758
1486 759
1487 760
1488 761
1489 762
1490 763
1491 764
1492 764
1493 765
1494 766
1495 767
1496 768
1497 769
1498 770
1499 771
1500 772
1501 773
1502 774
1503 773
1504 772
1505 773
1506 774
1507 775
1508 776
1509 777
1510 778
1511 779
1512 780
1513 781
1514 782
1515 783
1516 783
1517 784
1518 785
1519 785
1520 786
1521 776
1522 777
1523 778
1524 779
1525 777
1526 778
1527 779
1528 779
1529 780
1530 781
1531 782
1532 782
1533 783
1534 784
1535 785
1536 784
1537 785
1538 786
1539 787
1540 788
1541 789
1542 790
1543 791
1544 791
1545 792
1546 793
1547 794
1548 794
1549 795
1550 795
1551 796
1552 795
1553 796
1554 797
1555 798
1556 798
1557 797
1558 798
1559 799
1560 800
1561 801
1562 802
1563 803
1564 804
1565 805
1566 806
1567 807
1568 805
1569 806
1570 807
1571 808
1572 809
1573 809
1574 810
1575 810
1576 810
1577 811
1578 812
1579 813
1580 813
1581 814
1582 815
1583 816
1584 816
1585 817
1586 818
1587 813
1588 813
1589 814
1590 815
1591 816
1592 816
1593 815
1594 816
1595 817
1596 818
1597 819
1598 820
1599 821
1600 818
1601 819
1602 820
1603 821
1604 821
1605 822
1606 823
1607 824
1608 825
1609 826
1610 827
1611 826
1612 827
1613 828
1614 829
1615 830
1616 829
1617 830
1618 831
1619 832
1620 832
1621 833
1622 834
1623 835
1624 836
1625 837
1626 838
1627 839
1628 840
1629 839
1630 840
1631 841
1632 842
1633 843
1634 844
1635 845
1636 845
1637 846
1638 847
1639 848
1640 849
1641 850
1642 851
1643 852
1644 853
1645 854
1646 855
1647 854
1648 853
1649 854
1650 855
1651 856
1652 856
1653 857
1654 858
1655 859
1656 860
1657 861
1658 862
1659 863
1660 863
1661 864
1662 865
1663 866
1664 867
1665 868
1666 868
1667 869
1668 870
1669 871
1670 872
1671 873
1672 874
1673 875
1674 876
1675 874
1676 874
1677 875
1678 876
1679 877
1680 878
1681 855
1682 849
1683 850
1684 850
1685 851
1686 852
1687 853
1688 853
1689 854
1690 855
1691 856
1692 856
1693 857
1694 857
1695 858
1696 857
1697 858
1698 859
1699 860
1700 861
1701 861
1702 862
1703 863
1704 864
1705 865
1706 866
1707 867
1708 867
1709 868
1710 869
1711 870
1712 869
1713 870
1714 871
1715 871
1716 872
1717 873
1718 874
1719 873
1720 874
1721 875
1722 876
1723 877
1724 877
1725 878
1726 879
1727 880
1728 879
1729 880
1730 881
1731 882
1732 882
1733 883
1734 883
1735 884
1736 885
1737 884
1738 885
1739 886
1740 887
1741 888
1742 889
1743 890
1744 889
1745 890
1746 891
1747 892
1748 893
1749 894
1750 895
1751 896
1752 897
1753 898
1754 899
1755 900
1756 900
1757 901
1758 902
1759 903
1760 904
1761 905
1762 906
1763 907
1764 903
1765 904
1766 905
1767 906
1768 907
1769 908
1770 909
1771 910
1772 910
1773 909
1774 910
1775 908
1776 909
1777 910
1778 911
1779 912
1780 912
1781 913
1782 914
1783 915
1784 915
1785 916
1786 917
1787 918
1788 919
1789 920
1790 921
1791 920
1792 920
1793 921
1794 922
1795 923
1796 923
1797 924
1798 925
1799 926
1800 924
1801 925
1802 926
1803 927
1804 928
1805 924
1806 925
1807 926
1808 925
1809 924
1810 925
1811 926
1812 927
1813 928
1814 929
1815 928
1816 928
1817 929
1818 930
1819 931
1820 932
1821 933
1822 934
1823 935
1824 936
1825 934
1826 935
1827 936
1828 936
1829 937
1830 938
1831 939
1832 939
1833 940
1834 941
1835 942
1836 943
1837 944
1838 945
1839 946
1840 947
1841 948
1842 949
1843 950
1844 950
1845 951
1846 952
1847 953
1848 954
1849 929
1850 930
1851 931
1852 931
1853 932
1854 933
1855 934
1856 935
1857 936
1858 937
1859 936
1860 937
1861 938
1862 939
1863 940
1864 940
1865 941
1866 942
1867 943
1868 943
1869 944
1870 945
1871 946
1872 947
1873 948
1874 949
1875 946
1876 946
1877 947
1878 948
1879 949
1880 950
1881 951
1882 952
1883 953
1884 954
1885 955
1886 956
1887 957
1888 956
1889 957
1890 958
1891 959
1892 960
1893 961
1894 962
1895 963
1896 964
1897 965
1898 966
1899 965
1900 966
1901 967
1902 968
1903 969
1904 970
1905 971
1906 972
1907 973
1908 973
1909 974
1910 975
1911 976
1912 976
1913 977
1914 978
1915 979
1916 979
1917 978
1918 979
1919 980
1920 981
1921 982
1922 974
1923 975
1924 976
1925 977
1926 978
1927 979
1928 979
1929 980
1930 981
1931 982
1932 983
1933 984
1934 985
1935 986
1936 979
1937 980
1938 981
1939 982
1940 982
1941 983
1942 984
1943 985
1944 984
1945 985
1946 986
1947 987
1948 987
1949 988
1950 989
1951 990
1952 989
1953 990
1954 991
1955 992
1956 993
1957 994
1958 995
1959 996
1960 996
1961 997
1962 998
1963 999
1964 999
1965 1000
1966 1001
1967 1002
1968 1003
1969 1004
1970 1005
1971 1004
1972 1005
1973 1006
1974 1007
1975 1005
1976 1006
1977 1007
1978 1008
1979 1009
1980 1010
1981 1011
1982 1012
1983 1013
1984 1014
1985 1015
1986 1016
1987 1017
1988 1017
1989 1018
1990 1019
1991 1020
1992 1021
1993 1022
1994 1023
1995 1024
1996 1024
1997 1025
1998 1026
1999 1027
2000 1025
2001 1026
2002 1027
2003 1028
2004 1029
2005 1030
2006 1031
2007 1030
2008 1030
2009 1031
2010 1032
2011 1033
2012 1033
2013 1034
2014 1035
2015 1036
2016 1037
2017 1038
2018 1039
2019 1040
2020 1040
2021 1041
2022 1042
2023 1037
2024 1038
2025 1030
2026 1031
2027 1032
2028 1030
2029 1031
2030 1032
2031 1033
2032 1032
2033 1033
2034 1034
2035 1035
2036 1035
2037 1036
2038 1037
2039 1038
2040 1039
2041 1040
2042 1041
2043 1040
2044 1040
2045 1041
2046 1042
2047 1043
2048 1036
2049 1037
2050 1038
2051 1039
2052 1040
2053 1041
2054 1042
2055 1043
2056 1043
2057 1042
2058 1042
2059 1043
2060 1043
2061 1042
2062 1043
2063 1044
2064 1045
2065 1046
2066 1047
2067 1048
2068 1048
2069 1049
2070 1050
2071 1051
2072 1052
2073 1053
2074 1054
2075 1052
2076 1053
2077 1054
2078 1055
2079 1056
2080 1057
2081 1058
2082 1059
2083 1060
2084 1060
2085 1061
2086 1062
2087 1063
2088 1064
2089 1065
2090 1066
2091 1067
2092 1067
2093 1068
2094 1069
2095 1070
2096 1069
2097 1068
2098 1069
2099 1070
2100 1071
2101 1072
2102 1073
2103 1074
2104 1074
2105 1075
2106 1076
2107 1077
2108 1078
2109 1079
2110 1080
2111 1081
2112 1082
2113 1083
2114 1084
2115 1085
2116 1075
2117 1076
2118 1077
2119 1078
2120 1079
2121 1080
2122 1081
2123 1082
2124 1082
2125 1083
2126 1084
2127 1085
2128 1086
2129 1087
2130 1088
2131 1089
2132 1090
2133 1089
2134 1090
2135 1091
2136 1092
2137 1093
2138 1094
2139 1095
2140 1095
2141 1096
2142 1097
2143 1098
2144 1097
2145 1098
2146 1099
2147 1100
2148 1101
2149 1102
2150 1103
2151 1102
2152 1102
2153 1103
2154 1104
2155 1105
2156 1104
2157 1105
2158 1106
2159 1107
2160 1108
2161 1109
2162 1110
2163 1111
2164 1111
2165 1112
2166 1110
2167 1111
2168 1111
2169 1110
2170 1111
2171 1112
2172 1113
2173 1114
2174 1115
2175 1116
2176 1117
2177 1118
2178 1115
2179 1116
2180 1116
2181 1117
2182 1118
2183 1119
2184 1120
2185 1121
2186 1122
2187 1114
2188 1114
2189 1115
2190 1116
2191 1117
2192 1116
2193 1117
2194 1118
2195 1119
2196 1119
2197 1112
2198 1113
2199 1114
2200 1115
2201 1116
2202 1117
2203 1118
2204 1119
2205 1118
2206 1119
2207 1120
2208 1121
2209 1093
2210 1094
2211 1095
2212 1095
2213 1096
2214 1097
2215 1098
2216 1098
2217 1099
2218 1100
2219 1101
2220 1102
2221 1103
2222 1104
2223 1105
2224 1104
2225 1102
2226 1103
2227 1104
2228 1104
2229 1105
2230 1106
2231 1107
2232 1108
2233 1109
2234 1110
2235 1111
2236 1112
2237 1113
2238 1114
2239 1115
2240 1115
2241 1114
2242 1115
2243 1116
2244 1117
2245 1118
2246 1119
2247 1120
2248 1120
2249 1121
2250 1122
2251 1123
2252 1123
2253 1124
2254 1125
2255 1126
2256 1127
2257 1128
2258 1129
2259 1128
2260 1128
2261 1129
2262 1130
2263 1131
2264 1131
2265 1132
2266 1133
2267 1134
2268 1133
2269 1134
2270 1135
2271 1136
2272 1135
2273 1136
2274 1137
2275 1138
2276 1138
2277 1139
2278 1140
2279 1141
2280 1142
2281 1143
2282 1144
2283 1145
2284 1145
2285 1146
2286 1147
2287 1148
2288 1149
2289 1150
2290 1151
2291 1152
2292 1153
2293 1154
2294 1155
2295 1156
2296 1157
2297 1158
2298 1159
2299 1157
2300 1158
2301 1159
2302 1160
2303 1161
2304 1156
2305 1157
2306 1158
2307 1159
2308 1159
2309 1160
2310 1161
2311 1162
2312 1156
2313 1155
2314 1156
2315 1157
2316 1158
2317 1159
2318 1160
2319 1161
2320 1162
2321 1163
2322 1164
2323 1165
2324 1165
2325 1166
2326 1167
2327 1168
2328 1169
2329 1170
2330 1171
2331 1172
2332 1172
2333 1173
2334 1174
2335 1175
2336 1174
2337 1175
2338 1176
2339 1177
2340 1178
2341 1179
2342 1180
2343 1181
2344 1181
2345 1182
2346 1183
2347 1184
2348 1184
2349 1183
2350 1184
2351 1185
2352 1184
2353 1185
2354 1186
2355 1187
2356 1188
2357 1189
2358 1190
2359 1191
2360 1192
2361 1193
2362 1194
2363 1195
2364 1196
2365 1197
2366 1198
2367 1197
2368 1197
2369 1198
2370 1199
2371 1200
2372 1200
2373 1201
2374 1202
2375 1203
2376 1204
2377 1205
2378 1206
2379 1207
2380 1208
2381 1209
2382 1210
2383 1211
2384 1210
2385 1211
2386 1212
2387 1213
2388 1214
2389 1215
2390 1216
2391 1217
2392 1218
2393 1219
2394 1220
2395 1221
2396 1221
2397 1222
2398 1223
2399 1224
2400 1224
2401 1205
2402 1206
2403 1205
2404 1205
2405 1206
2406 1207
2407 1208
2408 1209
2409 1210
2410 1211
2411 1212
2412 1212
2413 1213
2414 1214
2415 1215
2416 1214
2417 1215
2418 1216
2419 1217
2420 1216
2421 1215
2422 1216
2423 1217
2424 1218
2425 1216
2426 1217
2427 1218
2428 1218
2429 1219
2430 1220
2431 1221
2432 1221
2433 1222
2434 1223
2435 1224
2436 1225
2437 1226
2438 1227
2439 1226
2440 1227
2441 1228
2442 1229
2443 1230
2444 1231
2445 1232
2446 1233
2447 1234
2448 1235
2449 1236
2450 1232
2451 1233
2452 1233
2453 1234
2454 1235
2455 1236
2456 1236
2457 1237
2458 1238
2459 1239
2460 1240
2461 1241
2462 1242
2463 1243
2464 1244
2465 1245
2466 1246
2467 1247
2468 1247
2469 1248
2470 1249
2471 1250
2472 1251
2473 1252
2474 1253
2475 1252
2476 1252
2477 1253
2478 1254
2479 1255
2480 1256
2481 1257
2482 1258
2483 1259
2484 1260
2485 1261
2486 1262
2487 1263
2488 1263
2489 1264
2490 1265
2491 1266
2492 1266
2493 1265
2494 1266
2495 1267
2496 1268
2497 1269
2498 1270
2499 1271
2500 1262
2501 1263
2502 1264
2503 1265
2504 1265
2505 1266
2506 1267
2507 1268
2508 1269
2509 1270
2510 1271
2511 1270
2512 1269
2513 1270
2514 1271
2515 1272
2516 1273
2517 1274
2518 1275
2519 1276
2520 1277
2521 1278
2522 1279
2523 1273
2524 1273
2525 1271
2526 1272
2527 1270
2528 1269
2529 1268
2530 1269
2531 1270
2532 1271
2533 1272
2534 1273
2535 1273
2536 1273
2537 1274
2538 1275
2539 1276
2540 1276
2541 1276
2542 1277
2543 1278
2544 1278
2545 1279
2546 1280
2547 1279
2548 1279
2549 1280
2550 1281
2551 1282
2552 1283
2553 1284
2554 1285
2555 1286
2556 1286
2557 1287
2558 1288
2559 1289
2560 1289
2561 1290
2562 1291
2563 1292
2564 1292
2565 1293
2566 1294
2567 1295
2568 1296
2569 1297
2570 1298
2571 1299
2572 1299
2573 1300
2574 1301
2575 1299
2576 1300
2577 1301
2578 1302
2579 1303
2580 1304
2581 1305
2582 1306
2583 1307
2584 1308
2585 1309
2586 1310
2587 1311
2588 1311
2589 1312
2590 1313
2591 1314
2592 1311
2593 1312
2594 1313
2595 1314
2596 1314
2597 1310
2598 1311
2599 1312
2600 1313
2601 1302
2602 1303
2603 1304
2604 1305
2605 1306
2606 1307
2607 1308
2608 1307
2609 1308
2610 1309
2611 1310
2612 1310
2613 1311
2614 1312
2615 1313
2616 1314
2617 1315
2618 1316
2619 1315
2620 1315
2621 1316
2622 1317
2623 1318
2624 1318
2625 1319
2626 1320
2627 1321
2628 1321
2629 1322
2630 1323
2631 1324
2632 1325
2633 1326
2634 1327
2635 1328
2636 1328
2637 1327
2638 1328
2639 1329
2640 1330
2641 1331
2642 1332
2643 1333
2644 1333
2645 1328
2646 1329
2647 1330
2648 1330
2649 1331
2650 1331
2651 1332
2652 1333
2653 1334
2654 1335
2655 1336
2656 1335
2657 1336
2658 1337
2659 1338
2660 1339
2661 1340
2662 1338
2663 1339
2664 1339
2665 1340
2666 1341
2667 1342
2668 1343
2669 1344
2670 1345
2671 1346
2672 1345
2673 1346
2674 1347
2675 1345
2676 1346
2677 1347
2678 1348
2679 1349
2680 1350
2681 1351
2682 1352
2683 1353
2684 1353
2685 1354
2686 1355
2687 1356
2688 1357
2689 1358
2690 1359
2691 1360
2692 1360
2693 1361
2694 1362
2695 1362
2696 1362
2697 1363
2698 1364
2699 1365
2700 1364
2701 1365
2702 1366
2703 1367
2704 1357
2705 1358
2706 1359
2707 1360
2708 1360
2709 1361
2710 1362
2711 1363
2712 1364
2713 1365
2714 1366
2715 1367
2716 1367
2717 1368
2718 1369
2719 1370
2720 1371
2721 1372
2722 1373
2723 1374
2724 1375
2725 1373
2726 1374
2727 1373
2728 1374
2729 1375
2730 1376
2731 1377
2732 1377
2733 1378
2734 1379
2735 1380
2736 1380
2737 1381
2738 1374
2739 1375
2740 1375
2741 1376
2742 1377
2743 1378
2744 1379
2745 1380
2746 1381
2747 1382
2748 1383
2749 1384
2750 1385
2751 1386
2752 1386
2753 1387
2754 1388
2755 1389
2756 1389
2757 1390
2758 1391
2759 1392
2760 1393
2761 1394
2762 1395
2763 1394
2764 1394
2765 1395
2766 1396
2767 1397
2768 1396
2769 1397
2770 1398
2771 1399
2772 1400
2773 1401
2774 1402
2775 1403
2776 1403
2777 1404
2778 1405
2779 1406
2780 1406
2781 1405
2782 1406
2783 1405
2784 1406
2785 1407
2786 1408
2787 1409
2788 1410
2789 1411
2790 1412
2791 1413
2792 1413
2793 1414
2794 1415
2795 1416
2796 1417
2797 1418
2798 1419
2799 1418
2800 1418
2801 1419
2802 1420
2803 1421
2804 1421
2805 1422
2806 1423
2807 1424
2808 1425
2809 1399
2810 1400
2811 1401
2812 1402
2813 1403
2814 1404
2815 1405
2816 1404
2817 1403
2818 1404
2819 1405
2820 1406
2821 1407
2822 1408
2823 1409
2824 1409
2825 1407
2826 1408
2827 1409
2828 1409
2829 1410
2830 1411
2831 1412
2832 1412
2833 1413
2834 1414
2835 1415
2836 1415
2837 1416
2838 1417
2839 1418
2840 1419
2841 1420
2842 1421
2843 1422
2844 1422
2845 1423
2846 1424
2847 1425
2848 1424
2849 1425
2850 1426
2851 1427
2852 1428
2853 1427
2854 1428
2855 1429
2856 1430
2857 1431
2858 1432
2859 1433
2860 1434
2861 1435
2862 1436
2863 1437
2864 1436
2865 1437
2866 1438
2867 1439
2868 1440
2869 1441
2870 1442
2871 1443
2872 1443
2873 1442
2874 1443
2875 1444
2876 1444
2877 1445
2878 1446
2879 1447
2880 1447
2881 1448
2882 1449
2883 1442
2884 1442
2885 1443
2886 1444
2887 1445
2888 1439
2889 1438
2890 1438
2891 1434
2892 1435
2893 1436
2894 1437
2895 1438
2896 1437
2897 1438
2898 1439
2899 1440
2900 1440
2901 1441
2902 1442
2903 1443
2904 1443
2905 1444
2906 1445
2907 1446
2908 1446
2909 1447
2910 1448
2911 1449
2912 1450
2913 1451
2914 1452
2915 1453
2916 1444
2917 1445
2918 1446
2919 1447
2920 1448
2921 1449
2922 1450
2923 1451
2924 1452
2925 1451
2926 1452
2927 1453
2928 1453
2929 1454
2930 1455
2931 1456
2932 1456
2933 1457
2934 1458
2935 1459
2936 1459
2937 1460
2938 1461
2939 1462
2940 1463
2941 1464
2942 1465
2943 1464
2944 1464
2945 1465
2946 1466
2947 1467
2948 1467
2949 1468
2950 1468
2951 1469
2952 1469
2953 1470
2954 1471
2955 1472
2956 1472
2957 1473
2958 1474
2959 1475
2960 1476
2961 1477
2962 1478
2963 1479
2964 1480
2965 1481
2966 1482
2967 1483
2968 1484
2969 1485
2970 1486
2971 1487
2972 1487
2973 1488
2974 1489
2975 1490
2976 1491
2977 1492
2978 1493
2979 1492
2980 1492
2981 1493
2982 1494
2983 1495
2984 1495
2985 1496
2986 1497
2987 1498
2988 1498
2989 1494
2990 1495
2991 1496
2992 1497
2993 1498
2994 1499
2995 1500
2996 1500
2997 1500
2998 1501
2999 1502
3000 1503
3001 1504
3002 1505
3003 1506
3004 1506
3005 1507
3006 1508
3007 1509
3008 1509
3009 1510
3010 1511
3011 1512
3012 1513
3013 1514
3014 1515
3015 1516
3016 1517
3017 1518
3018 1519
3019 1520
3020 1520
3021 1521
3022 1522
3023 1523
3024 1524
3025 1511
3026 1512
3027 1513
3028 1513
3029 1514
3030 1515
3031 1516
3032 1516
3033 1515
3034 1516
3035 1517
3036 1518
3037 1519
3038 1520
3039 1521
3040 1522
3041 1523
3042 1521
3043 1522
3044 1522
3045 1523
3046 1524
3047 1525
3048 1526
3049 1527
3050 1527
3051 1526
3052 1526
3053 1527
3054 1528
3055 1529
3056 1528
3057 1529
3058 1530
3059 1531
3060 1532
3061 1533
3062 1534
3063 1535
3064 1535
3065 1536
3066 1537
3067 1538
3068 1538
3069 1539
3070 1540
3071 1541
3072 1538
3073 1539
3074 1540
3075 1541
3076 1541
3077 1542
3078 1543
3079 1544
3080 1545
3081 1546
3082 1547
3083 1548
3084 1549
3085 1550
3086 1551
3087 1550
3088 1549
3089 1550
3090 1551
3091 1552
3092 1552
3093 1553
3094 1554
3095 1555
3096 1555
3097 1556
3098 1557
3099 1558
3100 1558
3101 1559
3102 1560
3103 1561
3104 1560
3105 1561
3106 1562
3107 1563
3108 1564
3109 1565
3110 1566
3111 1567
3112 1567
3113 1568
3114 1569
3115 1570
3116 1571
3117 1572
3118 1573
3119 1574
3120 1575
3121 1576
3122 1577
3123 1576
3124 1576
3125 1568
3126 1569
3127 1570
3128 1571
3129 1572
3130 1573
3131 1574
3132 1575
3133 1576
3134 1577
3135 1578
3136 1572
3137 1573
3138 1574
3139 1575
3140 1575
3141 1574
3142 1575
3143 1576
3144 1577
3145 1578
3146 1579
3147 1580
3148 1580
3149 1581
3150 1582
3151 1583
3152 1582
3153 1583
3154 1584
3155 1585
3156 1586
3157 1587
3158 1588
3159 1588
3160 1589
3161 1590
3162 1591
3163 1592
3164 1592
3165 1593
3166 1594
3167 1595
3168 1595
3169 1596
3170 1597
3171 1598
3172 1598
3173 1599
3174 1597
3175 1595
3176 1595
3177 1594
3178 1595
3179 1593
3180 1594
3181 1595
3182 1596
3183 1597
3184 1596
3185 1596
3186 1597
3187 1598
3188 1598
3189 1599
3190 1600
3191 1601
3192 1602
3193 1603
3194 1604
3195 1605
3196 1606
3197 1607
3198 1608
3199 1609
3200 1606
3201 1607
3202 1608
3203 1609
3204 1609
3205 1610
3206 1611
3207 1612
3208 1612
3209 1613
3210 1614
3211 1612
3212 1612
3213 1613
3214 1614
3215 1615
3216 1615
3217 1616
3218 1617
3219 1618
3220 1619
3221 1620
3222 1621
3223 1622
3224 1623
3225 1624
3226 1625
3227 1626
3228 1627
3229 1628
3230 1629
3231 1628
3232 1627
3233 1628
3234 1629
3235 1630
3236 1630
3237 1631
3238 1632
3239 1633
3240 1633
3241 1634
3242 1635
3243 1636
3244 1636
3245 1637
3246 1638
3247 1639
3248 1640
3249 1628
3250 1629
3251 1630
3252 1631
3253 1632
3254 1633
3255 1634
3256 1635
3257 1636
3258 1637
3259 1638
3260 1638
3261 1639
3262 1640
3263 1641
3264 1642
3265 1643
3266 1644
3267 1641
3268 1642
3269 1643
3270 1644
3271 1645
3272 1645
3273 1646
3274 1647
3275 1645
3276 1646
3277 1647
3278 1648
3279 1649
3280 1650
3281 1651
3282 1652
3283 1648
3284 1648
3285 1649
3286 1650
3287 1651
3288 1652
3289 1653
3290 1654
3291 1655
3292 1655
3293 1656
3294 1657
3295 1658
3296 1657
3297 1658
3298 1659
3299 1660
3300 1661
3301 1662
3302 1663
3303 1662
3304 1663
3305 1664
3306 1665
3307 1666
3308 1666
3309 1667
3310 1668
3311 1669
3312 1670
3313 1671
3314 1672
3315 1673
3316 1673
3317 1674
3318 1675
3319 1676
3320 1677
3321 1676
3322 1677
3323 1678
3324 1679
3325 1680
3326 1681
3327 1682
3328 1682
3329 1683
3330 1684
3331 1685
3332 1685
3333 1686
3334 1687
3335 1688
3336 1689
3337 1690
3338 1691
3339 1692
3340 1692
3341 1693
3342 1694
3343 1695
3344 1696
3345 1697
3346 1698
3347 1699
3348 1700
3349 1701
3350 1701
3351 1702
3352 1702
3353 1703
3354 1704
3355 1705
3356 1705
3357 1704
3358 1705
3359 1706
3360 1707
3361 1708
3362 1699
3363 1700
3364 1687
3365 1688
3366 1689
3367 1690
3368 1690
3369 1691
3370 1692
3371 1693
3372 1694
3373 1695
3374 1696
3375 1695
3376 1694
3377 1695
3378 1696
3379 1697
3380 1696
3381 1697
3382 1698
3383 1699
3384 1699
3385 1700
3386 1701
3387 1702
3388 1701
3389 1702
3390 1703
3391 1704
3392 1705
3393 1706
3394 1707
3395 1708
3396 1709
3397 1710
3398 1711
3399 1712
3400 1713
3401 1714
3402 1715
3403 1716
3404 1717
3405 1718
3406 1719
3407 1720
3408 1720
3409 1721
3410 1722
3411 1721
3412 1721
3413 1722
3414 1723
3415 1724
3416 1725
3417 1726
3418 1727
3419 1728
3420 1729
3421 1730
3422 1731
3423 1732
3424 1731
3425 1729
3426 1730
3427 1731
3428 1731
3429 1730
3430 1731
3431 1732
3432 1733
3433 1734
3434 1735
3435 1736
3436 1736
3437 1737
3438 1738
3439 1739
3440 1740
3441 1741
3442 1742
3443 1743
3444 1744
3445 1745
3446 1746
3447 1745
3448 1745
3449 1746
3450 1747
3451 1748
3452 1748
3453 1749
3454 1750
3455 1751
3456 1751
3457 1752
3458 1753
3459 1754
3460 1754
3461 1755
3462 1756
3463 1757
3464 1757
3465 1758
3466 1759
3467 1760
3468 1758
3469 1759
3470 1760
3471 1761
3472 1762
3473 1763
3474 1764
3475 1762
3476 1762
3477 1763
3478 1764
3479 1760
3480 1761
3481 1729
3482 1730
3483 1729
3484 1729
3485 1730
3486 1731
3487 1732
3488 1731
3489 1732
3490 1733
3491 1734
3492 1734
3493 1735
3494 1736
3495 1737
3496 1738
3497 1739
3498 1740
3499 1741
3500 1742
3501 1741
3502 1742
3503 1743
3504 1743
3505 1744
3506 1745
3507 1746
3508 1746
3509 1746
3510 1747
3511 1748
3512 1748
3513 1749
3514 1750
3515 1751
3516 1752
3517 1753
3518 1754
3519 1755
3520 1756
3521 1757
3522 1758
3523 1759
3524 1759
3525 1760
3526 1761
3527 1762
3528 1759
3529 1760
3530 1761
3531 1762
3532 1762
3533 1763
3534 1764
3535 1765
3536 1766
3537 1765
3538 1766
3539 1767
3540 1768
3541 1769
3542 1770
3543 1771
3544 1771
3545 1772
3546 1773
3547 1774
3548 1774
3549 1774
3550 1774
3551 1775
3552 1776
3553 1777
3554 1778
3555 1779
3556 1779
3557 1780
3558 1781
3559 1782
3560 1783
3561 1784
3562 1785
3563 1786
3564 1787
3565 1788
3566 1789
3567 1790
3568 1789
3569 1790
3570 1791
3571 1792
3572 1793
3573 1792
3574 1793
3575 1794
3576 1795
3577 1791
3578 1792
3579 1793
3580 1793
3581 1794
3582 1795
3583 1796
3584 1796
3585 1797
3586 1798
3587 1799
3588 1800
3589 1801
3590 1802
3591 1803
3592 1803
3593 1804
3594 1805
3595 1806
3596 1807
3597 1808
3598 1809
3599 1810
3600 1805
3601 1806
3602 1807
3603 1808
3604 1809
3605 1810
3606 1811
3607 1812
3608 1813
3609 1812
3610 1812
3611 1813
3612 1814
3613 1815
3614 1816
3615 1817
3616 1816
3617 1817
3618 1818
3619 1819
3620 1819
3621 1820
3622 1821
3623 1822
3624 1823
3625 1824
3626 1825
3627 1826
3628 1826
3629 1827
3630 1828
3631 1829
3632 1828
3633 1829
3634 1830
3635 1831
3636 1831
3637 1832
3638 1833
3639 1834
3640 1835
3641 1836
3642 1837
3643 1838
3644 1838
3645 1835
3646 1836
3647 1837
3648 1838
3649 1839
3650 1839
3651 1840
3652 1840
3653 1841
3654 1842
3655 1843
3656 1843
3657 1844
3658 1845
3659 1846
3660 1847
3661 1848
3662 1849
3663 1850
3664 1849
3665 1850
3666 1851
3667 1852
3668 1852
3669 1853
3670 1854
3671 1855
3672 1856
3673 1857
3674 1858
3675 1855
3676 1855
3677 1856
3678 1857
3679 1858
3680 1859
3681 1858
3682 1859
3683 1860
3684 1861
3685 1862
3686 1863
3687 1864
3688 1864
3689 1865
3690 1866
3691 1867
3692 1867
3693 1868
3694 1869
3695 1870
3696 1871
3697 1872
3698 1862
3699 1861
3700 1861
3701 1862
3702 1863
3703 1858
3704 1858
3705 1859
3706 1860
3707 1861
3708 1861
3709 1862
3710 1863
3711 1864
3712 1865
3713 1866
3714 1867
3715 1868
3716 1868
3717 1869
3718 1868
3719 1869
3720 1870
3721 1836
3722 1837
3723 1838
3724 1838
3725 1836
3726 1837
3727 1838
3728 1837
3729 1838
3730 1839
3731 1840
3732 1841
3733 1842
3734 1843
3735 1844
3736 1844
3737 1845
3738 1846
3739 1847
3740 1848
3741 1849
3742 1850
3743 1851
3744 1852
3745 1853
3746 1854
3747 1855
3748 1855
3749 1856
3750 1855
3751 1853
3752 1854
3753 1853
3754 1854
3755 1855
3756 1856
3757 1854
3758 1855
3759 1856
3760 1857
3761 1858
3762 1859
3763 1860
3764 1860
3765 1861
3766 1862
3767 1863
3768 1864
3769 1865
3770 1866
3771 1865
3772 1866
3773 1867
3774 1868
3775 1866
3776 1867
3777 1868
3778 1869
3779 1870
3780 1871
3781 1872
3782 1873
3783 1874
3784 1875
3785 1876
3786 1877
3787 1878
3788 1878
3789 1877
3790 1878
3791 1879
3792 1879
3793 1880
3794 1881
3795 1882
3796 1882
3797 1883
3798 1884
3799 1885
3800 1886
3801 1887
3802 1888
3803 1889
3804 1890
3805 1891
3806 1892
3807 1891
3808 1892
3809 1893
3810 1894
3811 1895
3812 1895
3813 1896
3814 1897
3815 1898
3816 1899
3817 1900
3818 1901
3819 1902
3820 1902
3821 1903
3822 1904
3823 1905
3824 1904
3825 1905
3826 1906
3827 1907
3828 1908
3829 1909
3830 1910
3831 1911
3832 1911
3833 1912
3834 1913
3835 1914
3836 1914
3837 1915
3838 1916
3839 1917
3840 1918
3841 1919
3842 1920
3843 1921
3844 1908
3845 1909
3846 1910
3847 1911
3848 1912
3849 1913
3850 1914
3851 1915
3852 1915
3853 1916
3854 1917
3855 1918
3856 1917
3857 1918
3858 1919
3859 1920
3860 1920
3861 1921
3862 1922
3863 1923
3864 1924
3865 1925
3866 1926
3867 1927
3868 1927
3869 1928
3870 1929
3871 1925
3872 1919
3873 1920
3874 1921
3875 1922
3876 1923
3877 1924
3878 1925
3879 1924
3880 1925
3881 1926
3882 1927
3883 1928
3884 1928
3885 1929
3886 1930
3887 1928
3888 1924
3889 1925
3890 1926
3891 1927
3892 1927
3893 1928
3894 1929
3895 1930
3896 1930
3897 1929
3898 1930
3899 1931
3900 1932
3901 1933
3902 1934
3903 1935
3904 1936
3905 1937
3906 1938
3907 1939
3908 1939
3909 1940
3910 1941
3911 1942
3912 1943
3913 1944
3914 1945
3915 1946
3916 1946
3917 1947
3918 1948
3919 1949
3920 1948
3921 1949
3922 1950
3923 1951
3924 1951
3925 1949
3926 1950
3927 1951
3928 1951
3929 1952
3930 1953
3931 1954
3932 1954
3933 1955
3934 1956
3935 1957
3936 1958
3937 1959
3938 1960
3939 1961
3940 1961
3941 1962
3942 1963
3943 1964
3944 1965
3945 1966
3946 1967
3947 1968
3948 1969
3949 1970
3950 1970
3951 1969
3952 1970
3953 1971
3954 1972
3955 1973
3956 1974
3957 1975
3958 1976
3959 1977
3960 1978
3961 1979
3962 1980
3963 1981
3964 1981
3965 1982
3966 1983
3967 1984
3968 1985
3969 1976
3970 1977
3971 1975
3972 1976
3973 1977
3974 1978
3975 1979
3976 1980
3977 1981
3978 1982
3979 1983
3980 1983
3981 1984
3982 1985
3983 1986
3984 1986
3985 1987
3986 1988
3987 1987
3988 1987
3989 1988
3990 1989
3991 1990
3992 1990
3993 1988
3994 1989
3995 1990
3996 1991
3997 1992
3998 1993
3999 1994
4000 1992
4001 1993
4002 1994
4003 1995
4004 1996
4005 1997
4006 1998
4007 1999
4008 2000
4009 2001
4010 2002
4011 2003
4012 2004
4013 2005
4014 2006
4015 2007
4016 2006
4017 2007
4018 2008
4019 2009
4020 2010
4021 2011
4022 2012
4023 2011
4024 2011
4025 2012
4026 2013
4027 2014
4028 2015
4029 2016
4030 2017
4031 2018
4032 2018
4033 2019
4034 2020
4035 2021
4036 2021
4037 2022
4038 2023
4039 2024
4040 2025
4041 2024
4042 2025
4043 2026
4044 2027
4045 2028
4046 2027
4047 2028
4048 2029
4049 2030
4050 2028
4051 2029
4052 2029
4053 2030
4054 2031
4055 2032
4056 2031
4057 2032
4058 2033
4059 2034
4060 2035
4061 2036
4062 2037
4063 2038
4064 2037
4065 2038
4066 2039
4067 2035
4068 2035
4069 2036
4070 2037
4071 2038
4072 2038
4073 2039
4074 2040
4075 2038
4076 2038
4077 2037
4078 2038
4079 2039
4080 2040
4081 2041
4082 2042
4083 2043
4084 2043
4085 2044
4086 2045
4087 2046
4088 2047
4089 2048
4090 2049
4091 2050
4092 2051
4093 2052
4094 2053
4095 2054
4096 2041
4097 2042
4098 2043
4099 2044
4100 2045
4101 2046
4102 2047
4103 2048
4104 2049
4105 2050
4106 2051
4107 2042
4108 2042
4109 2043
4110 2044
4111 2045
4112 2044
4113 2043
4114 2043
4115 2044
4116 2044
4117 2045
4118 2046
4119 2047
4120 2048
4121 2049
4122 2050
4123 2051
4124 2051
4125 2052
4126 2053
4127 2054
4128 2055
4129 2056
4130 2057
4131 2058
4132 2058
4133 2059
4134 2060
4135 2061
4136 2062
4137 2063
4138 2064
4139 2065
4140 2066
4141 2067
4142 2068
4143 2069
4144 2070
4145 2071
4146 2072
4147 2073
4148 2074
4149 2073
4150 2073
4151 2074
4152 2075
4153 2076
4154 2077
4155 2078
4156 2078
4157 2079
4158 2080
4159 2081
4160 2082
4161 2083
4162 2084
4163 2085
4164 2086
4165 2086
4166 2087
4167 2086
4168 2086
4169 2087
4170 2088
4171 2089
4172 2089
4173 2090
4174 2091
4175 2089
4176 2089
4177 2090
4178 2091
4179 2092
4180 2093
4181 2094
4182 2095
4183 2096
4184 2096
4185 2097
4186 2098
4187 2099
4188 2100
4189 2101
4190 2102
4191 2103
4192 2102
4193 2103
4194 2104
4195 2105
4196 2105
4197 2106
4198 2107
4199 2108
4200 2109
4201 2110
4202 2111
4203 2110
4204 2110
4205 2103
4206 2104
4207 2105
4208 2104
4209 2105
4210 2106
4211 2107
4212 2106
4213 2107
4214 2108
4215 2109
4216 2110
4217 2111
4218 2112
4219 2113
4220 2113
4221 2114
4222 2115
4223 2116
4224 2117
4225 2103
4226 2104
4227 2105
4228 2105
4229 2106
4230 2107
4231 2108
4232 2100
4233 2101
4234 2102
4235 2102
4236 2103
4237 2104
4238 2105
4239 2104
4240 2105
4241 2106
4242 2107
4243 2108
4244 2108
4245 2109
4246 2110
4247 2111
4248 2112
4249 2113
4250 2114
4251 2115
4252 2115
4253 2116
4254 2117
4255 2118
4256 2119
4257 2120
4258 2121
4259 2122
4260 2123
4261 2124
4262 2125
4263 2126
4264 2127
4265 2128
4266 2129
4267 2130
4268 2130
4269 2131
4270 2132
4271 2133
4272 2133
4273 2134
4274 2135
4275 2135
4276 2135
4277 2136
4278 2137
4279 2138
4280 2139
4281 2140
4282 2141
4283 2142
4284 2143
4285 2144
4286 2145
4287 2146
4288 2144
4289 2145
4290 2146
4291 2147
4292 2148
4293 2148
4294 2149
4295 2150
4296 2151
4297 2152
4298 2153
4299 2154
4300 2155
4301 2156
4302 2157
4303 2158
4304 2157
4305 2158
4306 2159
4307 2160
4308 2161
4309 2162
4310 2163
4311 2162
4312 2161
4313 2162
4314 2163
4315 2164
4316 2164
4317 2165
4318 2166
4319 2167
4320 2168
4321 2169
4322 2170
4323 2171
4324 2172
4325 2170
4326 2171
4327 2172
4328 2172
4329 2173
4330 2174
4331 2175
4332 2173
4333 2174
4334 2175
4335 2174
4336 2173
4337 2174
4338 2175
4339 2176
4340 2177
4341 2178
4342 2179
4343 2180
4344 2181
4345 2182
4346 2183
4347 2184
4348 2184
4349 2185
4350 2186
4351 2187
4352 2188
4353 2189
4354 2190
4355 2191
4356 2184
4357 2185
4358 2186
4359 2187
4360 2188
4361 2184
4362 2185
4363 2186
4364 2186
4365 2187
4366 2188
4367 2189
4368 2190
4369 2191
4370 2192
4371 2193
4372 2193
4373 2194
4374 2191
4375 2188
4376 2188
4377 2189
4378 2190
4379 2191
4380 2192
4381 2193
4382 2194
4383 2193
4384 2192
4385 2193
4386 2194
4387 2195
4388 2195
4389 2196
4390 2197
4391 2198
4392 2199
4393 2200
4394 2199
4395 2200
4396 2200
4397 2201
4398 2202
4399 2203
4400 2203
4401 2202
4402 2203
4403 2204
4404 2205
4405 2206
4406 2207
4407 2208
4408 2209
4409 2210
4410 2211
4411 2212
4412 2212
4413 2213
4414 2214
4415 2215
4416 2216
4417 2217
4418 2206
4419 2205
4420 2206
4421 2207
4422 2208
4423 2209
4424 2210
4425 2211
4426 2212
4427 2213
4428 2214
4429 2215
4430 2216
4431 2217
4432 2216
4433 2217
4434 2218
4435 2219
4436 2219
4437 2220
4438 2221
4439 2222
4440 2223
4441 2224
4442 2225
4443 2226
4444 2226
4445 2227
4446 2228
4447 2229
4448 2228
4449 2229
4450 2229
4451 2230
4452 2231
4453 2232
4454 2233
4455 2234
4456 2234
4457 2235
4458 2236
4459 2237
4460 2237
4461 2238
4462 2239
4463 2240
4464 2241
4465 2242
4466 2243
4467 2244
4468 2244
4469 2245
4470 2246
4471 2247
4472 2248
4473 2249
4474 2250
4475 2248
4476 2249
4477 2248
4478 2249
4479 2250
4480 2250
4481 2251
4482 2252
4483 2253
4484 2254
4485 2255
4486 2256
4487 2257
4488 2258
4489 2221
4490 2222
4491 2221
4492 2221
4493 2222
4494 2223
4495 2224
4496 2223
4497 2224
4498 2225
4499 2226
4500 2225
4501 2226
4502 2227
4503 2228
4504 2228
4505 2229
4506 2230
4507 2231
4508 2231
4509 2230
4510 2231
4511 2232
4512 2233
4513 2234
4514 2235
4515 2236
4516 2236
4517 2237
4518 2238
4519 2239
4520 2240
4521 2241
4522 2242
4523 2243
4524 2244
4525 2242
4526 2243
4527 2242
4528 2241
4529 2242
4530 2243
4531 2244
4532 2244
4533 2245
4534 2246
4535 2247
4536 2247
4537 2248
4538 2249
4539 2250
4540 2250
4541 2251
4542 2252
4543 2253
4544 2251
4545 2252
4546 2253
4547 2254
4548 2255
4549 2256
4550 2257
4551 2258
4552 2258
4553 2259
4554 2260
4555 2261
4556 2262
4557 2263
4558 2264
4559 2265
4560 2266
4561 2267
4562 2268
4563 2263
4564 2263
4565 2264
4566 2265
4567 2266
4568 2266
4569 2267
4570 2268
4571 2269
4572 2269
4573 2270
4574 2271
4575 2272
4576 2273
4577 2274
4578 2275
4579 2276
4580 2276
4581 2275
4582 2276
4583 2277
4584 2278
4585 2279
4586 2280
4587 2281
4588 2282
4589 2283
4590 2284
4591 2285
4592 2286
4593 2287
4594 2288
4595 2289
4596 2290
4597 2291
4598 2292
4599 2293
4600 2294
4601 2295
4602 2296
4603 2297
4604 2297
4605 2298
4606 2299
4607 2300
4608 2296
4609 2297
4610 2298
4611 2299
4612 2299
4613 2300
4614 2301
4615 2302
4616 2302
4617 2303
4618 2304
4619 2305
4620 2306
4621 2307
4622 2308
4623 2309
4624 2299
4625 2299
4626 2300
4627 2301
4628 2301
4629 2302
4630 2303
4631 2304
4632 2305
4633 2306
4634 2307
4635 2308
4636 2309
4637 2310
4638 2311
4639 2312
4640 2313
4641 2314
4642 2315
4643 2316
4644 2317
4645 2318
4646 2319
4647 2320
4648 2321
4649 2322
4650 2323
4651 2324
4652 2324
4653 2325
4654 2326
4655 2327
4656 2327
4657 2328
4658 2329
4659 2330
4660 2330
4661 2331
4662 2332
4663 2333
4664 2334
4665 2335
4666 2336
4667 2337
4668 2338
4669 2339
4670 2340
4671 2339
4672 2337
4673 2338
4674 2339
4675 2340
4676 2340
4677 2341
4678 2342
4679 2343
4680 2344
4681 2345
4682 2346
4683 2347
4684 2347
4685 2348
4686 2349
4687 2350
4688 2349
4689 2348
4690 2349
4691 2350
4692 2351
4693 2349
4694 2350
4695 2351
4696 2351
4697 2352
4698 2352
4699 2353
4700 2354
4701 2355
4702 2356
4703 2357
4704 2356
4705 2357
4706 2358
4707 2357
4708 2357
4709 2358
4710 2359
4711 2360
4712 2361
4713 2362
4714 2363
4715 2364
4716 2364
4717 2365
4718 2366
4719 2367
4720 2368
4721 2369
4722 2370
4723 2371
4724 2371
4725 2371
4726 2372
4727 2373
4728 2374
4729 2375
4730 2376
4731 2377
4732 2377
4733 2378
4734 2379
4735 2380
4736 2380
4737 2381
4738 2382
4739 2383
4740 2384
4741 2385
4742 2386
4743 2387
4744 2387
4745 2388
4746 2389
4747 2390
4748 2390
4749 2391
4750 2392
4751 2393
4752 2393
4753 2389
4754 2390
4755 2391
4756 2392
4757 2393
4758 2394
4759 2395
4760 2396
4761 2379
4762 2380
4763 2381
4764 2382
4765 2383
4766 2384
4767 2385
4768 2384
4769 2385
4770 2386
4771 2387
4772 2387
4773 2388
4774 2389
4775 2387
4776 2388
4777 2389
4778 2390
4779 2390
4780 2390
4781 2391
4782 2392
4783 2393
4784 2394
4785 2395
4786 2396
4787 2397
4788 2398
4789 2399
4790 2400
4791 2401
4792 2401
4793 2402
4794 2403
4795 2404
4796 2404
4797 2405
4798 2406
4799 2407
4800 2405
4801 2406
4802 2397
4803 2398
4804 2398
4805 2391
4806 2392
4807 2393
4808 2393
4809 2394
4810 2395
4811 2396
4812 2397
4813 2398
4814 2399
4815 2400
4816 2401
4817 2402
4818 2403
4819 2404
4820 2404
4821 2405
4822 2406
4823 2407
4824 2408
4825 2406
4826 2407
4827 2408
4828 2408
4829 2409
4830 2410
4831 2411
4832 2410
4833 2409
4834 2410
4835 2411
4836 2412
4837 2413
4838 2414
4839 2415
4840 2414
4841 2415
4842 2416
4843 2417
4844 2417
4845 2418
4846 2419
4847 2420
4848 2420
4849 2421
4850 2421
4851 2420
4852 2420
4853 2421
4854 2422
4855 2423
4856 2423
4857 2424
4858 2425
4859 2426
4860 2426
4861 2427
4862 2428
4863 2429
4864 2429
4865 2430
4866 2431
4867 2432
4868 2432
4869 2431
4870 2432
4871 2433
4872 2434
4873 2435
4874 2436
4875 2437
4876 2438
4877 2439
4878 2440
4879 2441
4880 2442
4881 2443
4882 2444
4883 2445
4884 2446
4885 2447
4886 2448
4887 2447
4888 2448
4889 2449
4890 2450
4891 2451
4892 2451
4893 2452
4894 2453
4895 2454
4896 2455
4897 2456
4898 2457
4899 2458
4900 2452
4901 2450
4902 2451
4903 2452
4904 2452
4905 2453
4906 2454
4907 2455
4908 2456
4909 2457
4910 2458
4911 2459
4912 2458
4913 2449
4914 2450
4915 2451
4916 2451
4917 2452
4918 2453
4919 2454
4920 2455
4921 2456
4922 2457
4923 2456
4924 2456
4925 2454
4926 2455
4927 2456
4928 2457
4929 2458
4930 2459
4931 2460
4932 2460
4933 2461
4934 2462
4935 2463
4936 2463
4937 2464
4938 2465
4939 2466
4940 2467
4941 2467
4942 2468
4943 2469
4944 2469
4945 2470
4946 2471
4947 2472
4948 2472
4949 2468
4950 2469
4951 2470
4952 2470
4953 2471
4954 2472
4955 2473
4956 2474
4957 2475
4958 2476
4959 2477
4960 2478
4961 2476
4962 2477
4963 2478
4964 2478
4965 2479
4966 2480
4967 2481
4968 2482
4969 2483
4970 2484
4971 2485
4972 2485
4973 2486
4974 2487
4975 2485
4976 2484
4977 2485
4978 2486
4979 2487
4980 2488
4981 2489
4982 2490
4983 2491
4984 2492
4985 2493
4986 2494
4987 2495
4988 2496
4989 2497
4990 2498
4991 2499
4992 2500
4993 2501
4994 2502
4995 2503
4996 2503
4997 2504
4998 2505
4999 2506
5000 2499
5001 2500
5002 2501
5003 2502
5004 2502
5005 2503
5006 2504
5007 2505
5008 2504
5009 2505
5010 2506
5011 2507
5012 2507
5013 2506
5014 2507
5015 2508
5016 2509
5017 2510
5018 2511
5019 2512
5020 2512
5021 2513
5022 2513
5023 2514
5024 2513
5025 2514
5026 2515
5027 2516
5028 2517
5029 2518
5030 2519
5031 2520
5032 2521
5033 2522
5034 2523
5035 2524
5036 2524
5037 2525
5038 2526
5039 2527
5040 2528
5041 2488
5042 2489
5043 2479
5044 2479
5045 2480
5046 2479
5047 2475
5048 2475
5049 2476
5050 2476
5051 2477
5052 2478
5053 2479
5054 2478
5055 2479
5056 2477
5057 2478
5058 2479
5059 2480
5060 2481
5061 2482
5062 2483
5063 2484
5064 2485
5065 2486
5066 2487
5067 2486
5068 2486
5069 2487
5070 2488
5071 2489
5072 2488
5073 2489
5074 2490
5075 2491
5076 2492
5077 2493
5078 2494
5079 2495
5080 2496
5081 2497
5082 2498
5083 2499
5084 2500
5085 2501
5086 2502
5087 2503
5088 2504
5089 2505
5090 2506
5091 2507
5092 2508
5093 2509
5094 2510
5095 2511
5096 2511
5097 2512
5098 2513
5099 2514
5100 2515
5101 2516
5102 2517
5103 2515
5104 2516
5105 2517
5106 2518
5107 2519
5108 2519
5109 2520
5110 2521
5111 2522
5112 2523
5113 2524
5114 2525
5115 2526
5116 2526
5117 2527
5118 2528
5119 2529
5120 2528
5121 2527
5122 2528
5123 2529
5124 2530
5125 2531
5126 2532
5127 2533
5128 2533
5129 2534
5130 2535
5131 2536
5132 2536
5133 2537
5134 2538
5135 2539
5136 2539
5137 2540
5138 2541
5139 2540
5140 2540
5141 2541
5142 2542
5143 2543
5144 2543
5145 2544
5146 2545
5147 2546
5148 2547
5149 2548
5150 2548
5151 2549
5152 2550
5153 2551
5154 2552
5155 2553
5156 2553
5157 2552
5158 2553
5159 2554
5160 2555
5161 2556
5162 2557
5163 2558
5164 2558
5165 2559
5166 2560
5167 2561
5168 2562
5169 2563
5170 2564
5171 2565
5172 2566
5173 2567
5174 2568
5175 2569
5176 2569
5177 2570
5178 2571
5179 2572
5180 2573
5181 2574
5182 2575
5183 2576
5184 2570
5185 2571
5186 2572
5187 2573
5188 2573
5189 2574
5190 2575
5191 2576
5192 2577
5193 2576
5194 2576
5195 2577
5196 2578
5197 2579
5198 2580
5199 2581
5200 2581
5201 2582
5202 2579
5203 2577
5204 2577
5205 2578
5206 2579
5207 2580
5208 2581
5209 2582
5210 2583
5211 2582
5212 2582
5213 2583
5214 2584
5215 2585
5216 2584
5217 2585
5218 2586
5219 2587
5220 2588
5221 2589
5222 2590
5223 2591
5224 2591
5225 2592
5226 2593
5227 2594
5228 2594
5229 2595
5230 2596
5231 2597
5232 2597
5233 2598
5234 2599
5235 2600
5236 2601
5237 2602
5238 2603
5239 2601
5240 2602
5241 2603
5242 2604
5243 2600
5244 2601
5245 2602
5246 2603
5247 2604
5248 2604
5249 2605
5250 2606
5251 2607
5252 2607
5253 2608
5254 2609
5255 2610
5256 2610
5257 2611
5258 2612
5259 2613
5260 2613
5261 2614
5262 2615
5263 2616
5264 2617
5265 2618
5266 2619
5267 2620
5268 2621
5269 2622
5270 2623
5271 2624
5272 2624
5273 2625
5274 2626
5275 2624
5276 2624
5277 2625
5278 2626
5279 2627
5280 2628
5281 2629
5282 2630
5283 2629
5284 2629
5285 2630
5286 2631
5287 2632
5288 2632
5289 2633
5290 2631
5291 2632
5292 2631
5293 2632
5294 2633
5295 2634
5296 2633
5297 2634
5298 2635
5299 2636
5300 2635
5301 2636
5302 2637
5303 2638
5304 2639
5305 2640
5306 2641
5307 2642
5308 2642
5309 2643
5310 2644
5311 2645
5312 2643
5313 2644
5314 2645
5315 2646
5316 2647
5317 2648
5318 2649
5319 2648
5320 2649
5321 2650
5322 2651
5323 2652
5324 2647
5325 2648
5326 2649
5327 2650
5328 2650
5329 2609
5330 2610
5331 2611
5332 2612
5333 2613
5334 2614
5335 2615
5336 2616
5337 2615
5338 2616
5339 2617
5340 2618
5341 2614
5342 2615
5343 2616
5344 2615
5345 2616
5346 2617
5347 2618
5348 2618
5349 2619
5350 2619
5351 2620
5352 2621
5353 2622
5354 2623
5355 2624
5356 2624
5357 2625
5358 2626
5359 2627
5360 2628
5361 2629
5362 2630
5363 2631
5364 2631
5365 2632
5366 2633
5367 2634
5368 2635
5369 2636
5370 2637
5371 2638
5372 2638
5373 2637
5374 2638
5375 2638
5376 2639
5377 2640
5378 2641
5379 2642
5380 2642
5381 2643
5382 2644
5383 2645
5384 2645
5385 2646
5386 2647
5387 2648
5388 2649
5389 2650
5390 2651
5391 2650
5392 2649
5393 2650
5394 2651
5395 2652
5396 2653
5397 2654
5398 2655
5399 2656
5400 2655
5401 2656
5402 2657
5403 2658
5404 2658
5405 2659
5406 2660
5407 2661
5408 2652
5409 2651
5410 2652
5411 2653
5412 2654
5413 2655
5414 2656
5415 2654
5416 2654
5417 2655
5418 2656
5419 2657
5420 2657
5421 2658
5422 2659
5423 2660
5424 2660
5425 2661
5426 2662
5427 2663
5428 2664
5429 2665
5430 2666
5431 2667
5432 2668
5433 2669
5434 2670
5435 2671
5436 2671
5437 2672
5438 2673
5439 2674
5440 2675
5441 2676
5442 2677
5443 2678
5444 2678
5445 2673
5446 2674
5447 2675
5448 2676
5449 2677
5450 2677
5451 2678
5452 2679
5453 2680
5454 2681
5455 2682
5456 2683
5457 2684
5458 2685
5459 2686
5460 2687
5461 2688
5462 2689
5463 2688
5464 2688
5465 2689
5466 2690
5467 2691
5468 2691
5469 2692
5470 2693
5471 2694
5472 2694
5473 2695
5474 2696
5475 2697
5476 2683
5477 2684
5478 2685
5479 2686
5480 2687
5481 2688
5482 2689
5483 2690
5484 2691
5485 2692
5486 2693
5487 2694
5488 2694
5489 2695
5490 2696
5491 2696
5492 2696
5493 2697
5494 2698
5495 2699
5496 2700
5497 2701
5498 2702
5499 2703
5500 2704
5501 2705
5502 2706
5503 2707
5504 2707
5505 2708
5506 2709
5507 2710
5508 2710
5509 2711
5510 2712
5511 2713
5512 2714
5513 2715
5514 2716
5515 2717
5516 2717
5517 2716
5518 2717
5519 2718
5520 2719
5521 2720
5522 2721
5523 2722
5524 2722
5525 2723
5526 2724
5527 2725
5528 2725
5529 2726
5530 2727
5531 2728
5532 2729
5533 2730
5534 2731
5535 2732
5536 2731
5537 2727
5538 2728
5539 2729
5540 2729
5541 2730
5542 2731
5543 2732
5544 2733
5545 2734
5546 2735
5547 2725
5548 2726
5549 2727
5550 2728
5551 2729
5552 2728
5553 2727
5554 2728
5555 2729
5556 2730
5557 2731
5558 2732
5559 2733
5560 2734
5561 2735
5562 2736
5563 2737
5564 2737
5565 2738
5566 2739
5567 2740
5568 2741
5569 2742
5570 2743
5571 2742
5572 2742
5573 2743
5574 2744
5575 2742
5576 2743
5577 2742
5578 2743
5579 2744
5580 2745
5581 2746
5582 2747
5583 2748
5584 2747
5585 2748
5586 2749
5587 2750
5588 2750
5589 2751
5590 2752
5591 2753
5592 2754
5593 2755
5594 2756
5595 2757
5596 2757
5597 2758
5598 2759
5599 2760
5600 2760
5601 2761
5602 2762
5603 2763
5604 2764
5605 2765
5606 2766
5607 2767
5608 2767
5609 2768
5610 2769
5611 2770
5612 2771
5613 2772
5614 2773
5615 2774
5616 2775
5617 2776
5618 2765
5619 2766
5620 2766
5621 2767
5622 2768
5623 2769
5624 2770
5625 2759
5626 2760
5627 2761
5628 2762
5629 2763
5630 2764
5631 2765
5632 2765
5633 2766
5634 2767
5635 2768
5636 2768
5637 2769
5638 2770
5639 2771
5640 2772
5641 2773
5642 2774
5643 2775
5644 2775
5645 2776
5646 2777
5647 2778
5648 2777
5649 2778
5650 2778
5651 2779
5652 2779
5653 2780
5654 2781
5655 2782
5656 2783
5657 2784
5658 2785
5659 2786
5660 2786
5661 2787
5662 2788
5663 2789
5664 2790
5665 2791
5666 2792
5667 2793
5668 2793
5669 2794
5670 2795
5671 2796
5672 2796
5673 2797
5674 2798
5675 2796
5676 2797
5677 2798
5678 2799
5679 2798
5680 2799
5681 2800
5682 2801
5683 2802
5684 2801
5685 2802
5686 2803
5687 2801
5688 2801
5689 2802
5690 2803
5691 2804
5692 2804
5693 2805
5694 2806
5695 2807
5696 2805
5697 2804
5698 2805
5699 2806
5700 2807
5701 2808
5702 2809
5703 2810
5704 2811
5705 2812
5706 2813
5707 2814
5708 2814
5709 2815
5710 2816
5711 2817
5712 2818
5713 2819
5714 2820
5715 2821
5716 2821
5717 2822
5718 2823
5719 2824
5720 2825
5721 2826
5722 2827
5723 2828
5724 2829
5725 2827
5726 2828
5727 2829
5728 2828
5729 2829
5730 2830
5731 2831
5732 2831
5733 2828
5734 2829
5735 2830
5736 2831
5737 2832
5738 2833
5739 2834
5740 2835
5741 2836
5742 2837
5743 2838
5744 2837
5745 2838
5746 2838
5747 2839
5748 2840
5749 2841
5750 2842
5751 2843
5752 2843
5753 2844
5754 2845
5755 2846
5756 2846
5757 2847
5758 2848
5759 2849
5760 2849
5761 2850
5762 2851
5763 2852
5764 2852
5765 2853
5766 2850
5767 2851
5768 2852
5769 2851
5770 2852
5771 2853
5772 2854
5773 2855
5774 2856
5775 2857
5776 2844
5777 2845
5778 2846
5779 2847
5780 2843
5781 2844
5782 2844
5783 2845
5784 2846
5785 2847
5786 2848
5787 2847
5788 2847
5789 2848
5790 2849
5791 2850
5792 2849
5793 2850
5794 2851
5795 2852
5796 2853
5797 2854
5798 2855
5799 2856
5800 2857
5801 2858
5802 2859
5803 2860
5804 2860
5805 2861
5806 2862
5807 2863
5808 2861
5809 2862
5810 2863
5811 2864
5812 2864
5813 2865
5814 2866
5815 2867
5816 2867
5817 2868
5818 2869
5819 2865
5820 2866
5821 2867
5822 2868
5823 2867
5824 2868
5825 2866
5826 2867
5827 2868
5828 2869
5829 2870
5830 2871
5831 2871
5832 2867
5833 2868
5834 2869
5835 2870
5836 2870
5837 2871
5838 2872
5839 2873
5840 2874
5841 2875
5842 2876
5843 2877
5844 2878
5845 2879
5846 2880
5847 2881
5848 2882
5849 2883
5850 2883
5851 2884
5852 2885
5853 2886
5854 2887
5855 2888
5856 2889
5857 2890
5858 2891
5859 2892
5860 2892
5861 2893
5862 2894
5863 2895
5864 2895
5865 2896
5866 2897
5867 2898
5868 2898
5869 2899
5870 2900
5871 2901
5872 2900
5873 2901
5874 2902
5875 2903
5876 2903
5877 2902
5878 2903
5879 2904
5880 2905
5881 2906
5882 2907
5883 2908
5884 2908
5885 2909
5886 2910
5887 2904
5888 2904
5889 2905
5890 2906
5891 2907
5892 2908
5893 2909
5894 2910
5895 2911
5896 2912
5897 2913
5898 2914
5899 2915
5900 2914
5901 2915
5902 2916
5903 2917
5904 2918
5905 2919
5906 2920
5907 2921
5908 2921
5909 2922
5910 2923
5911 2924
5912 2924
5913 2925
5914 2926
5915 2926
5916 2927
5917 2928
5918 2929
5919 2930
5920 2931
5921 2932
5922 2933
5923 2934
5924 2934
5925 2934
5926 2935
5927 2936
5928 2937
5929 2923
5930 2924
5931 2923
5932 2923
5933 2924
5934 2925
5935 2926
5936 2927
5937 2928
5938 2929
5939 2930
5940 2931
5941 2932
5942 2933
5943 2934
5944 2934
5945 2935
5946 2936
5947 2937
5948 2937
5949 2936
5950 2937
5951 2938
5952 2939
5953 2940
5954 2941
5955 2942
5956 2942
5957 2943
5958 2944
5959 2945
5960 2946
5961 2947
5962 2948
5963 2949
5964 2950
5965 2951
5966 2952
5967 2953
5968 2952
5969 2953
5970 2954
5971 2955
5972 2955
5973 2956
5974 2957
5975 2955
5976 2955
5977 2956
5978 2956
5979 2957
5980 2958
5981 2959
5982 2960
5983 2961
5984 2962
5985 2963
5986 2964
5987 2965
5988 2966
5989 2967
5990 2968
5991 2969
5992 2970
5993 2971
5994 2972
5995 2973
5996 2973
5997 2974
5998 2975
5999 2976
6000 2977
6001 2978
6002 2979
6003 2980
6004 2980
6005 2981
6006 2982
6007 2983
6008 2983
6009 2984
6010 2985
6011 2986
6012 2986
6013 2987
6014 2988
6015 2989
6016 2989
6017 2990
6018 2991
6019 2992
6020 2993
6021 2992
6022 2993
6023 2994
6024 2995
6025 2993
6026 2994
6027 2995
6028 2995
6029 2996
6030 2997
6031 2998
6032 2999
6033 3000
6034 3001
6035 3002
6036 3003
6037 3004
6038 3005
6039 3006
6040 3007
6041 3008
6042 3009
6043 3010
6044 3010
6045 3011
6046 3012
6047 3013
6048 3014
6049 3015
6050 3012
6051 3013
6052 3013
6053 3014
6054 3015
6055 3016
6056 3016
6057 3015
6058 3016
6059 3017
6060 3018
6061 3019
6062 3020
6063 3021
6064 3020
6065 3021
6066 3022
6067 3023
6068 3024
6069 3023
6070 3024
6071 3025
6072 3026
6073 3027
6074 3028
6075 3023
6076 3023
6077 3024
6078 3025
6079 3026
6080 3027
6081 3028
6082 3029
6083 3030
6084 3021
6085 3022
6086 3023
6087 3024
6088 3024
6089 3025
6090 3026
6091 3027
6092 3027
6093 3026
6094 3027
6095 3028
6096 3028
6097 3029
6098 3030
6099 3031
6100 3030
6101 3031
6102 3032
6103 3033
6104 3034
6105 3035
6106 3036
6107 3037
6108 3038
6109 3039
6110 3040
6111 3041
6112 3040
6113 3041
6114 3042
6115 3043
6116 3043
6117 3044
6118 3045
6119 3046
6120 3047
6121 3048
6122 3049
6123 3050
6124 3050
6125 3047
6126 3048
6127 3049
6128 3048
6129 3047
6130 3048
6131 3049
6132 3050
6133 3051
6134 3052
6135 3053
6136 3054
6137 3053
6138 3054
6139 3055
6140 3055
6141 3056
6142 3057
6143 3058
6144 3055
6145 3056
6146 3057
6147 3056
6148 3057
6149 3058
6150 3059
6151 3060
6152 3060
6153 3061
6154 3062
6155 3063
6156 3064
6157 3065
6158 3066
6159 3067
6160 3068
6161 3069
6162 3070
6163 3071
6164 3072
6165 3073
6166 3074
6167 3075
6168 3076
6169 3077
6170 3078
6171 3078
6172 3078
6173 3079
6174 3078
6175 3079
6176 3078
6177 3079
6178 3080
6179 3081
6180 3082
6181 3083
6182 3084
6183 3083
6184 3083
6185 3084
6186 3085
6187 3086
6188 3087
6189 3088
6190 3089
6191 3090
6192 3091
6193 3092
6194 3093
6195 3094
6196 3094
6197 3095
6198 3096
6199 3097
6200 3098
6201 3099
6202 3100
6203 3101
6204 3102
6205 3103
6206 3104
6207 3105
6208 3103
6209 3104
6210 3105
6211 3106
6212 3106
6213 3107
6214 3108
6215 3109
6216 3110
6217 3111
6218 3112
6219 3111
6220 3111
6221 3112
6222 3113
6223 3109
6224 3108
6225 3108
6226 3109
6227 3110
6228 3110
6229 3111
6230 3112
6231 3113
6232 3114
6233 3115
6234 3116
6235 3117
6236 3117
6237 3118
6238 3119
6239 3120
6240 3121
6241 3076
6242 3077
6243 3078
6244 3078
6245 3079
6246 3080
6247 3081
6248 3082
6249 3083
6250 3080
6251 3081
6252 3082
6253 3081
6254 3082
6255 3083
6256 3084
6257 3085
6258 3086
6259 3087
6260 3087
6261 3088
6262 3089
6263 3090
6264 3091
6265 3092
6266 3093
6267 3094
6268 3094
6269 3095
6270 3096
6271 3097
6272 3093
6273 3094
6274 3095
6275 3093
6276 3094
6277 3095
6278 3096
6279 3097
6280 3098
6281 3099
6282 3100
6283 3101
6284 3101
6285 3102
6286 3103
6287 3104
6288 3104
6289 3105
6290 3106
6291 3105
6292 3105
6293 3106
6294 3107
6295 3108
6296 3108
6297 3109
6298 3110
6299 3111
6300 3111
6301 3112
6302 3113
6303 3114
6304 3113
6305 3114
6306 3115
6307 3116
6308 3116
6309 3115
6310 3116
6311 3117
6312 3118
6313 3119
6314 3120
6315 3121
6316 3121
6317 3122
6318 3123
6319 3124
6320 3125
6321 3126
6322 3127
6323 3128
6324 3129
6325 3130
6326 3131
6327 3132
6328 3133
6329 3134
6330 3135
6331 3136
6332 3136
6333 3137
6334 3138
6335 3139
6336 3138
6337 3139
6338 3140
6339 3141
6340 3141
6341 3142
6342 3143
6343 3144
6344 3145
6345 3146
6346 3147
6347 3148
6348 3145
6349 3146
6350 3146
6351 3147
6352 3146
6353 3147
6354 3148
6355 3149
6356 3149
6357 3150
6358 3150
6359 3151
6360 3152
6361 3153
6362 3154
6363 3155
6364 3156
6365 3157
6366 3158
6367 3159
6368 3158
6369 3159
6370 3160
6371 3161
6372 3162
6373 3163
6374 3164
6375 3165
6376 3165
6377 3166
6378 3167
6379 3168
6380 3169
6381 3168
6382 3169
6383 3170
6384 3171
6385 3172
6386 3173
6387 3174
6388 3174
6389 3175
6390 3176
6391 3177
6392 3178
6393 3179
6394 3180
6395 3181
6396 3182
6397 3183
6398 3184
6399 3185
6400 3178
6401 3179
6402 3180
6403 3181
6404 3181
6405 3182
6406 3183
6407 3184
6408 3184
6409 3185
6410 3186
6411 3187
6412 3187
6413 3187
6414 3188
6415 3189
6416 3188
6417 3189
6418 3190
6419 3186
6420 3187
6421 3188
6422 3189
6423 3190
6424 3191
6425 3189
6426 3190
6427 3191
6428 3191
6429 3192
6430 3193
6431 3194
6432 3195
6433 3196
6434 3197
6435 3198
6436 3198
6437 3199
6438 3200
6439 3201
6440 3202
6441 3203
6442 3204
6443 3205
6444 3205
6445 3206
6446 3207
6447 3208
6448 3209
6449 3210
6450 3211
6451 3212
6452 3212
6453 3211
6454 3212
6455 3213
6456 3214
6457 3215
6458 3216
6459 3217
6460 3218
6461 3219
6462 3220
6463 3221
6464 3219
6465 3220
6466 3221
6467 3222
6468 3223
6469 3224
6470 3225
6471 3224
6472 3224
6473 3225
6474 3226
6475 3227
6476 3227
6477 3228
6478 3229
6479 3230
6480 3229
6481 3230
6482 3231
6483 3232
6484 3232
6485 3233
6486 3234
6487 3235
6488 3235
6489 3236
6490 3237
6491 3238
6492 3239
6493 3240
6494 3241
6495 3242
6496 3243
6497 3244
6498 3240
6499 3241
6500 3242
6501 3243
6502 3244
6503 3245
6504 3246
6505 3247
6506 3248
6507 3247
6508 3247
6509 3248
6510 3249
6511 3250
6512 3251
6513 3252
6514 3253
6515 3254
6516 3254
6517 3254
6518 3255
6519 3256
6520 3257
6521 3258
6522 3259
6523 3260
6524 3260
6525 3260
6526 3261
6527 3262
6528 3263
6529 3264
6530 3265
6531 3266
6532 3267
6533 3268
6534 3265
6535 3266
6536 3267
6537 3268
6538 3269
6539 3270
6540 3271
6541 3272
6542 3273
6543 3272
6544 3271
6545 3272
6546 3273
6547 3274
6548 3274
6549 3275
6550 3275
6551 3276
6552 3277
6553 3278
6554 3279
6555 3280
6556 3280
6557 3281
6558 3282
6559 3283
6560 3284
6561 3265
6562 3266
6563 3267
6564 3268
6565 3269
6566 3269
6567 3270
6568 3270
6569 3271
6570 3272
6571 3273
6572 3274
6573 3275
6574 3276
6575 3274
6576 3274
6577 3275
6578 3276
6579 3277
6580 3278
6581 3279
6582 3280
6583 3281
6584 3281
6585 3282
6586 3283
6587 3284
6588 3285
6589 3286
6590 3287
6591 3285
6592 3283
6593 3284
6594 3285
6595 3286
6596 3286
6597 3285
6598 3286
6599 3287
6600 3288
6601 3289
6602 3290
6603 3291
6604 3291
6605 3292
6606 3293
6607 3294
6608 3295
6609 3296
6610 3297
6611 3298
6612 3299
6613 3300
6614 3301
6615 3301
6616 3301
6617 3302
6618 3303
6619 3304
6620 3304
6621 3305
6622 3306
6623 3307
6624 3308
6625 3309
6626 3310
6627 3299
6628 3299
6629 3300
6630 3301
6631 3302
6632 3302
6633 3303
6634 3304
6635 3305
6636 3306
6637 3307
6638 3308
6639 3309
6640 3310
6641 3311
6642 3311
6643 3312
6644 3312
6645 3313
6646 3314
6647 3311
6648 3312
6649 3313
6650 3314
6651 3313
6652 3313
6653 3314
6654 3315
6655 3313
6656 3313
6657 3314
6658 3315
6659 3316
6660 3317
6661 3318
6662 3319
6663 3320
6664 3320
6665 3321
6666 3322
6667 3323
6668 3323
6669 3324
6670 3325
6671 3326
6672 3326
6673 3327
6674 3328
6675 3328
6676 3328
6677 3329
6678 3330
6679 3331
6680 3332
6681 3333
6682 3334
6683 3335
6684 3336
6685 3337
6686 3338
6687 3337
6688 3338
6689 3339
6690 3340
6691 3341
6692 3341
6693 3342
6694 3343
6695 3344
6696 3345
6697 3346
6698 3347
6699 3348
6700 3348
6701 3349
6702 3350
6703 3351
6704 3350
6705 3351
6706 3352
6707 3353
6708 3354
6709 3355
6710 3356
6711 3357
6712 3357
6713 3353
6714 3354
6715 3355
6716 3356
6717 3357
6718 3358
6719 3359
6720 3360
6721 3361
6722 3362
6723 3359
6724 3340
6725 3338
6726 3339
6727 3332
6728 3320
6729 3321
6730 3322
6731 3323
6732 3324
6733 3325
6734 3326
6735 3327
6736 3326
6737 3327
6738 3328
6739 3329
6740 3329
6741 3330
6742 3331
6743 3332
6744 3333
6745 3334
6746 3335
6747 3336
6748 3336
6749 3337
6750 3338
6751 3339
6752 3338
6753 3339
6754 3340
6755 3341
6756 3342
6757 3343
6758 3344
6759 3343
6760 3342
6761 3343
6762 3344
6763 3345
6764 3345
6765 3346
6766 3347
6767 3348
6768 3349
6769 3350
6770 3351
6771 3352
6772 3352
6773 3353
6774 3354
6775 3352
6776 3352
6777 3351
6778 3352
6779 3353
6780 3354
6781 3355
6782 3356
6783 3357
6784 3358
6785 3359
6786 3360
6787 3361
6788 3361
6789 3362
6790 3363
6791 3364
6792 3365
6793 3366
6794 3367
6795 3368
6796 3368
6797 3369
6798 3370
6799 3371
6800 3370
6801 3371
6802 3372
6803 3373
6804 3373
6805 3374
6806 3375
6807 3376
6808 3377
6809 3378
6810 3379
6811 3375
6812 3375
6813 3374
6814 3375
6815 3376
6816 3377
6817 3378
6818 3379
6819 3380
6820 3381
6821 3382
6822 3383
6823 3384
6824 3384
6825 3385
6826 3386
6827 3387
6828 3388
6829 3389
6830 3390
6831 3391
6832 3392
6833 3393
6834 3394
6835 3395
6836 3395
6837 3396
6838 3397
6839 3398
6840 3399
6841 3400
6842 3401
6843 3402
6844 3403
6845 3394
6846 3395
6847 3396
6848 3394
6849 3393
6850 3393
6851 3394
6852 3395
6853 3396
6854 3397
6855 3398
6856 3398
6857 3399
6858 3400
6859 3389
6860 3389
6861 3390
6862 3391
6863 3392
6864 3393
6865 3394
6866 3395
6867 3396
6868 3396
6869 3397
6870 3398
6871 3399
6872 3399
6873 3400
6874 3401
6875 3398
6876 3398
6877 3395
6878 3396
6879 3397
6880 3398
6881 3399
6882 3400
6883 3401
6884 3401
6885 3402
6886 3403
6887 3404
6888 3405
6889 3360
6890 3361
6891 3362
6892 3362
6893 3363
6894 3364
6895 3365
6896 3364
6897 3364
6898 3365
6899 3366
6900 3367
6901 3368
6902 3369
6903 3370
6904 3370
6905 3371
6906 3372
6907 3373
6908 3373
6909 3374
6910 3375
6911 3376
6912 3374
6913 3375
6914 3376
6915 3377
6916 3378
6917 3379
6918 3380
6919 3381
6920 3382
6921 3381
6922 3382
6923 3383
6924 3384
6925 3382
6926 3383
6927 3384
6928 3383
6929 3382
6930 3383
6931 3384
6932 3384
6933 3385
6934 3386
6935 3387
6936 3385
6937 3386
6938 3387
6939 3386
6940 3386
6941 3387
6942 3388
6943 3389
6944 3390
6945 3391
6946 3392
6947 3393
6948 3393
6949 3394
6950 3394
6951 3395
6952 3396
6953 3397
6954 3398
6955 3399
6956 3400
6957 3399
6958 3399
6959 3400
6960 3401
6961 3402
6962 3388
6963 3389
6964 3389
6965 3390
6966 3391
6967 3392
6968 3393
6969 3394
6970 3395
6971 3396
6972 3397
6973 3398
6974 3399
6975 3399
6976 3397
6977 3398
6978 3399
6979 3400
6980 3400
6981 3401
6982 3402
6983 3403
6984 3403
6985 3404
6986 3405
6987 3406
6988 3406
6989 3407
6990 3408
6991 3409
6992 3410
6993 3411
6994 3412
6995 3413
6996 3414
6997 3415
6998 3416
6999 3417
7000 3418
7001 3419
7002 3420
7003 3421
7004 3421
7005 3422
7006 3423
7007 3424
7008 3425
7009 3426
7010 3427
7011 3428
7012 3428
7013 3429
7014 3430
7015 3431
7016 3431
7017 3432
7018 3433
7019 3434
7020 3435
7021 3436
7022 3437
7023 3438
7024 3437
7025 3435
7026 3436
7027 3437
7028 3437
7029 3438
7030 3439
7031 3440
7032 3441
7033 3442
7034 3443
7035 3444
7036 3444
7037 3445
7038 3446
7039 3447
7040 3448
7041 3449
7042 3450
7043 3451
7044 3452
7045 3453
7046 3454
7047 3455
7048 3455
7049 3456
7050 3457
7051 3458
7052 3459
7053 3460
7054 3461
7055 3462
7056 3455
7057 3456
7058 3457
7059 3458
7060 3458
7061 3459
7062 3460
7063 3461
7064 3461
7065 3462
7066 3463
7067 3464
7068 3465
7069 3466
7070 3467
7071 3468
7072 3469
7073 3470
7074 3471
7075 3469
7076 3470
7077 3471
7078 3472
7079 3473
7080 3474
7081 3475
7082 3476
7083 3475
7084 3476
7085 3477
7086 3478
7087 3479
7088 3478
7089 3479
7090 3480
7091 3481
7092 3481
7093 3482
7094 3483
7095 3484
7096 3484
7097 3485
7098 3486
7099 3487
7100 3487
7101 3486
7102 3487
7103 3488
7104 3489
7105 3490
7106 3491
7107 3492
7108 3492
7109 3493
7110 3494
7111 3495
7112 3496
7113 3497
7114 3498
7115 3499
7116 3500
7117 3501
7118 3502
7119 3503
7120 3504
7121 3505
7122 3506
7123 3507
7124 3507
7125 3508
7126 3509
7127 3510
7128 3511
7129 3512
7130 3513
7131 3514
7132 3514
7133 3515
7134 3516
7135 3517
7136 3516
7137 3517
7138 3518
7139 3518
7140 3519
7141 3520
7142 3521
7143 3522
7144 3523
7145 3524
7146 3525
7147 3526
7148 3526
7149 3527
7150 3528
7151 3529
7152 3529
7153 3530
7154 3531
7155 3532
7156 3532
7157 3533
7158 3534
7159 3535
7160 3536
7161 3537
7162 3538
7163 3539
7164 3539
7165 3540
7166 3541
7167 3542
7168 3541
7169 3542
7170 3543
7171 3544
7172 3544
7173 3543
7174 3544
7175 3545
7176 3546
7177 3547
7178 3548
7179 3549
7180 3549
7181 3550
7182 3551
7183 3552
7184 3551
7185 3552
7186 3553
7187 3554
7188 3555
7189 3556
7190 3557
7191 3558
7192 3559
7193 3560
7194 3561
7195 3562
7196 3562
7197 3563
7198 3564
7199 3565
7200 3562
7201 3563
7202 3564
7203 3555
7204 3555
7205 3556
7206 3557
7207 3558
7208 3559
7209 3556
7210 3557
7211 3558
7212 3559
7213 3560
7214 3561
7215 3562
7216 3563
7217 3564
7218 3565
7219 3566
7220 3563
7221 3564
7222 3565
7223 3566
7224 3567
7225 3549
7226 3550
7227 3551
7228 3551
7229 3552
7230 3553
7231 3554
7232 3552
7233 3553
7234 3554
7235 3555
7236 3556
7237 3557
7238 3558
7239 3559
7240 3560
7241 3561
7242 3562
7243 3563
7244 3563
7245 3564
7246 3565
7247 3566
7248 3566
7249 3567
7250 3568
7251 3569
7252 3569
7253 3570
7254 3571
7255 3572
7256 3572
7257 3573
7258 3574
7259 3575
7260 3575
7261 3576
7262 3577
7263 3576
7264 3575
7265 3576
7266 3577
7267 3574
7268 3575
7269 3576
7270 3577
7271 3578
7272 3578
7273 3579
7274 3580
7275 3580
7276 3580
7277 3581
7278 3582
7279 3583
7280 3584
7281 3583
7282 3584
7283 3585
7284 3586
7285 3587
7286 3588
7287 3589
7288 3589
7289 3590
7290 3589
7291 3590
7292 3590
7293 3591
7294 3592
7295 3593
7296 3594
7297 3595
7298 3596
7299 3595
7300 3595
7301 3591
7302 3592
7303 3593
7304 3594
7305 3595
7306 3596
7307 3597
7308 3598
7309 3599
7310 3600
7311 3601
7312 3600
7313 3601
7314 3602
7315 3603
7316 3604
7317 3603
7318 3604
7319 3605
7320 3606
7321 3607
7322 3608
7323 3609
7324 3609
7325 3607
7326 3608
7327 3609
7328 3608
7329 3609
7330 3610
7331 3611
7332 3612
7333 3613
7334 3614
7335 3615
7336 3616
7337 3617
7338 3618
7339 3619
7340 3619
7341 3620
7342 3621
7343 3622
7344 3623
7345 3624
7346 3625
7347 3626
7348 3626
7349 3627
7350 3628
7351 3629
7352 3629
7353 3630
7354 3631
7355 3632
7356 3633
7357 3634
7358 3635
7359 3636
7360 3636
7361 3637
7362 3638
7363 3639
7364 3639
7365 3640
7366 3641
7367 3642
7368 3643
7369 3644
7370 3645
7371 3646
7372 3646
7373 3647
7374 3648
7375 3649
7376 3648
7377 3649
7378 3650
7379 3651
7380 3652
7381 3650
7382 3651
7383 3652
7384 3653
7385 3654
7386 3655
7387 3656
7388 3656
7389 3655
7390 3656
7391 3657
7392 3658
7393 3659
7394 3660
7395 3661
7396 3642
7397 3643
7398 3644
7399 3640
7400 3641
7401 3642
7402 3643
7403 3644
7404 3645
7405 3646
7406 3645
7407 3644
7408 3643
7409 3644
7410 3645
7411 3646
7412 3646
7413 3647
7414 3648
7415 3649
7416 3649
7417 3650
7418 3651
7419 3652
7420 3653
7421 3654
7422 3655
7423 3656
7424 3657
7425 3657
7426 3658
7427 3659
7428 3660
7429 3661
7430 3662
7431 3663
7432 3663
7433 3664
7434 3665
7435 3666
7436 3664
7437 3665
7438 3666
7439 3667
7440 3668
7441 3669
7442 3656
7443 3655
7444 3655
7445 3656
7446 3657
7447 3658
7448 3658
7449 3659
7450 3659
7451 3660
7452 3660
7453 3661
7454 3662
7455 3663
7456 3662
7457 3663
7458 3664
7459 3665
7460 3665
7461 3664
7462 3665
7463 3666
7464 3667
7465 3668
7466 3669
7467 3670
7468 3670
7469 3671
7470 3672
7471 3673
7472 3672
7473 3673
7474 3674
7475 3675
7476 3676
7477 3677
7478 3678
7479 3677
7480 3678
7481 3679
7482 3680
7483 3681
7484 3681
7485 3682
7486 3683
7487 3684
7488 3684
7489 3685
7490 3686
7491 3687
7492 3687
7493 3688
7494 3689
7495 3690
7496 3690
7497 3689
7498 3690
7499 3691
7500 3688
7501 3689
7502 3688
7503 3689
7504 3690
7505 3691
7506 3692
7507 3693
7508 3693
7509 3694
7510 3695
7511 3696
7512 3697
7513 3698
7514 3697
7515 3698
7516 3698
7517 3699
7518 3700
7519 3701
7520 3702
7521 3703
7522 3704
7523 3705
7524 3706
7525 3707
7526 3708
7527 3709
7528 3709
7529 3710
7530 3711
7531 3712
7532 3712
7533 3712
7534 3713
7535 3714
7536 3714
7537 3715
7538 3716
7539 3717
7540 3718
7541 3719
7542 3720
7543 3721
7544 3722
7545 3723
7546 3724
7547 3725
7548 3726
7549 3727
7550 3727
7551 3726
7552 3727
7553 3728
7554 3729
7555 3730
7556 3730
7557 3731
7558 3732
7559 3733
7560 3734
7561 3735
7562 3736
7563 3737
7564 3738
7565 3739
7566 3740
7567 3741
7568 3742
7569 3721
7570 3722
7571 3723
7572 3724
7573 3725
7574 3726
7575 3726
7576 3726
7577 3727
7578 3728
7579 3729
7580 3729
7581 3729
7582 3730
7583 3731
7584 3732
7585 3733
7586 3734
7587 3733
7588 3733
7589 3734
7590 3735
7591 3736
7592 3737
7593 3738
7594 3739
7595 3740
7596 3740
7597 3741
7598 3742
7599 3743
7600 3743
7601 3744
7602 3745
7603 3746
7604 3746
7605 3744
7606 3745
7607 3746
7608 3747
7609 3748
7610 3749
7611 3750
7612 3750
7613 3751
7614 3752
7615 3753
7616 3753
7617 3754
7618 3755
7619 3756
7620 3757
7621 3758
7622 3759
7623 3758
7624 3758
7625 3759
7626 3760
7627 3761
7628 3761
7629 3762
7630 3763
7631 3764
7632 3764
7633 3765
7634 3766
7635 3767
7636 3768
7637 3769
7638 3770
7639 3771
7640 3772
7641 3771
7642 3772
7643 3773
7644 3773
7645 3774
7646 3775
7647 3776
7648 3775
7649 3776
7650 3777
7651 3778
7652 3778
7653 3779
7654 3780
7655 3781
7656 3782
7657 3783
7658 3784
7659 3785
7660 3785
7661 3786
7662 3787
7663 3788
7664 3787
7665 3788
7666 3789
7667 3790
7668 3791
7669 3792
7670 3793
7671 3794
7672 3795
7673 3796
7674 3797
7675 3795
7676 3795
7677 3794
7678 3795
7679 3796
7680 3797
7681 3798
7682 3799
7683 3800
7684 3800
7685 3801
7686 3802
7687 3803
7688 3793
7689 3794
7690 3795
7691 3796
7692 3797
7693 3793
7694 3794
7695 3795
7696 3796
7697 3797
7698 3798
7699 3799
7700 3800
7701 3801
7702 3802
7703 3803
7704 3803
7705 3804
7706 3805
7707 3806
7708 3807
7709 3808
7710 3809
7711 3810
7712 3809
7713 3808
7714 3809
7715 3810
7716 3811
7717 3812
7718 3813
7719 3814
7720 3815
7721 3816
7722 3817
7723 3818
7724 3818
7725 3818
7726 3819
7727 3820
7728 3821
7729 3822
7730 3823
7731 3822
7732 3822
7733 3823
7734 3824
7735 3825
7736 3825
7737 3826
7738 3827
7739 3828
7740 3829
7741 3830
7742 3831
7743 3832
7744 3818
7745 3819
7746 3820
7747 3821
7748 3821
7749 3822
7750 3823
7751 3824
7752 3825
7753 3826
7754 3827
7755 3828
7756 3828
7757 3829
7758 3830
7759 3831
7760 3832
7761 3833
7762 3834
7763 3835
7764 3836
7765 3837
7766 3838
7767 3837
7768 3837
7769 3838
7770 3839
7771 3840
7772 3841
7773 3842
7774 3843
7775 3841
7776 3839
7777 3840
7778 3841
7779 3842
7780 3842
7781 3843
7782 3844
7783 3845
7784 3846
7785 3847
7786 3848
7787 3849
7788 3850
7789 3851
7790 3852
7791 3851
7792 3850
7793 3851
7794 3852
7795 3853
7796 3853
7797 3854
7798 3855
7799 3856
7800 3857
7801 3858
7802 3859
7803 3852
7804 3852
7805 3853
7806 3854
7807 3855
7808 3856
7809 3857
7810 3858
7811 3859
7812 3860
7813 3861
7814 3862
7815 3863
7816 3863
7817 3864
7818 3865
7819 3866
7820 3867
7821 3868
7822 3869
7823 3870
7824 3870
7825 3868
7826 3869
7827 3870
7828 3870
7829 3871
7830 3872
7831 3873
7832 3873
7833 3874
7834 3875
7835 3876
7836 3877
7837 3878
7838 3879
7839 3880
7840 3879
7841 3880
7842 3881
7843 3882
7844 3883
7845 3884
7846 3885
7847 3886
7848 3886
7849 3887
7850 3887
7851 3888
7852 3888
7853 3889
7854 3890
7855 3891
7856 3890
7857 3887
7858 3888
7859 3889
7860 3890
7861 3891
7862 3892
7863 3893
7864 3893
7865 3894
7866 3895
7867 3896
7868 3896
7869 3897
7870 3898
7871 3899
7872 3900
7873 3901
7874 3902
7875 3903
7876 3903
7877 3904
7878 3905
7879 3906
7880 3907
7881 3908
7882 3909
7883 3910
7884 3911
7885 3912
7886 3913
7887 3914
7888 3915
7889 3915
7890 3916
7891 3917
7892 3917
7893 3916
7894 3917
7895 3918
7896 3919
7897 3920
7898 3921
7899 3922
7900 3922
7901 3923
7902 3924
7903 3925
7904 3926
7905 3927
7906 3928
7907 3929
7908 3930
7909 3931
7910 3932
7911 3931
7912 3932
7913 3933
7914 3934
7915 3935
7916 3935
7917 3936
7918 3937
7919 3938
7920 3938
7921 3888
7922 3889
7923 3890
7924 3890
7925 3888
7926 3889
7927 3890
7928 3890
7929 3889
7930 3890
7931 3891
7932 3892
7933 3893
7934 3894
7935 3892
7936 3893
7937 3894
7938 3892
7939 3893
7940 3893
7941 3894
7942 3893
7943 3890
7944 3891
7945 3892
7946 3893
7947 3892
7948 3892
7949 3893
7950 3894
7951 3895
7952 3896
7953 3897
7954 3898
7955 3899
7956 3900
7957 3901
7958 3902
7959 3903
7960 3904
7961 3905
7962 3906
7963 3907
7964 3907
7965 3908
7966 3909
7967 3910
7968 3911
7969 3912
7970 3913
7971 3914
7972 3914
7973 3915
7974 3916
7975 3917
7976 3917
7977 3918
7978 3919
7979 3920
7980 3921
7981 3922
7982 3923
7983 3922
7984 3921
7985 3922
7986 3922
7987 3918
7988 3918
7989 3919
7990 3920
7991 3921
7992 3922
7993 3923
7994 3924
7995 3925
7996 3925
7997 3926
7998 3927
7999 3928
8000 3925
8001 3926
8002 3927
8003 3928
8004 3929
8005 3930
8006 3931
8007 3932
8008 3933
8009 3934
8010 3935
8011 3936
8012 3936
8013 3937
8014 3938
8015 3939
8016 3939
8017 3940
8018 3941
8019 3939
8020 3939
8021 3940
8022 3941
8023 3942
8024 3943
8025 3943
8026 3944
8027 3945
8028 3945
8029 3946
8030 3947
8031 3948
8032 3947
8033 3948
8034 3949
8035 3950
8036 3950
8037 3951
8038 3952
8039 3953
8040 3954
8041 3955
8042 3956
8043 3957
8044 3957
8045 3958
8046 3959
8047 3960
8048 3959
8049 3960
8050 3961
8051 3962
8052 3963
8053 3964
8054 3965
8055 3966
8056 3967
8057 3968
8058 3969
8059 3970
8060 3971
8061 3972
8062 3973
8063 3974
8064 3974
8065 3975
8066 3976
8067 3977
8068 3977
8069 3978
8070 3979
8071 3980
8072 3980
8073 3981
8074 3982
8075 3983
8076 3984
8077 3985
8078 3986
8079 3987
8080 3988
8081 3989
8082 3990
8083 3991
8084 3992
8085 3993
8086 3994
8087 3995
8088 3996
8089 3997
8090 3998
8091 3999
8092 3996
8093 3997
8094 3998
8095 3999
8096 4000
8097 4001
8098 4002
8099 4003
8100 3997
8101 3998
8102 3999
8103 4000
8104 4000
8105 4001
8106 4002
8107 4001
8108 4001
8109 4002
8110 4003
8111 4004
8112 4002
8113 4003
8114 4004
8115 4005
8116 4005
8117 4006
8118 4007
8119 4008
8120 4009
8121 4010
8122 4011
8123 4012
8124 4013
8125 4011
8126 4012
8127 4013
8128 4011
8129 4012
8130 4013
8131 4014
8132 4014
8133 4015
8134 4016
8135 4017
8136 4017
8137 4018
8138 4019
8139 4020
8140 4021
8141 4022
8142 4023
8143 4024
8144 4023
8145 4024
8146 4025
8147 4026
8148 4027
8149 4028
8150 4028
8151 4029
8152 4029
8153 4030
8154 4031
8155 4032
8156 4032
8157 4033
8158 4034
8159 4035
8160 4036
8161 4037
8162 4038
8163 4037
8164 4037
8165 4038
8166 4039
8167 4040
8168 4040
8169 4041
8170 4042
8171 4043
8172 4043
8173 4044
8174 4045
8175 4045
8176 4046
8177 4047
8178 4048
8179 4049
8180 4049
8181 4046
8182 4047
8183 4043
8184 4044
8185 4045
8186 4046
8187 4047
8188 4048
8189 4049
8190 4050
8191 4051
8192 4038
8193 4039
8194 4040
8195 4041
8196 4042
8197 4043
8198 4044
8199 4043
8200 4044
8201 4045
8202 4046
8203 4047
8204 4047
8205 4048
8206 4049
8207 4050
8208 4051
8209 4052
8210 4053
8211 4054
8212 4054
8213 4055
8214 4050
8215 4051
8216 4052
8217 4053
8218 4054
8219 4055
8220 4056
8221 4057
8222 4058
8223 4059
8224 4058
8225 4058
8226 4059
8227 4060
8228 4060
8229 4061
8230 4062
8231 4063
8232 4064
8233 4065
8234 4066
8235 4067
8236 4068
8237 4069
8238 4070
8239 4071
8240 4072
8241 4073
8242 4074
8243 4075
8244 4075
8245 4076
8246 4077
8247 4078
8248 4078
8249 4079
8250 4080
8251 4081
8252 4081
8253 4082
8254 4083
8255 4084
8256 4085
8257 4086
8258 4087
8259 4088
8260 4089
8261 4090
8262 4091
8263 4092
8264 4092
8265 4093
8266 4094
8267 4095
8268 4096
8269 4097
8270 4098
8271 4097
8272 4098
8273 4099
8274 4100
8275 4098
8276 4098
8277 4099
8278 4100
8279 4101
8280 4102
8281 4085
8282 4086
8283 4087
8284 4087
8285 4088
8286 4089
8287 4090
8288 4091
8289 4090
8290 4091
8291 4092
8292 4093
8293 4094
8294 4095
8295 4096
8296 4097
8297 4098
8298 4099
8299 4100
8300 4101
8301 4102
8302 4103
8303 4101
8304 4101
8305 4102
8306 4103
8307 4104
8308 4105
8309 4106
8310 4107
8311 4108
8312 4108
8313 4109
8314 4110
8315 4111
8316 4112
8317 4113
8318 4114
8319 4115
8320 4116
8321 4117
8322 4118
8323 4119
8324 4119
8325 4120
8326 4121
8327 4122
8328 4123
8329 4124
8330 4125
8331 4126
8332 4126
8333 4127
8334 4128
8335 4129
8336 4128
8337 4129
8338 4130
8339 4131
8340 4132
8341 4133
8342 4134
8343 4131
8344 4132
8345 4133
8346 4134
8347 4135
8348 4135
8349 4136
8350 4136
8351 4137
8352 4138
8353 4139
8354 4140
8355 4141
8356 4141
8357 4142
8358 4143
8359 4144
8360 4145
8361 4144
8362 4145
8363 4146
8364 4147
8365 4148
8366 4149
8367 4150
8368 4149
8369 4150
8370 4151
8371 4152
8372 4153
8373 4154
8374 4155
8375 4155
8376 4156
8377 4157
8378 4158
8379 4157
8380 4157
8381 4155
8382 4156
8383 4157
8384 4155
8385 4156
8386 4157
8387 4158
8388 4158
8389 4159
8390 4160
8391 4161
8392 4161
8393 4162
8394 4163
8395 4164
8396 4164
8397 4163
8398 4164
8399 4165
8400 4166
8401 4167
8402 4168
8403 4169
8404 4169
8405 4159
8406 4160
8407 4161
8408 4161
8409 4162
8410 4159
8411 4160
8412 4161
8413 4162
8414 4163
8415 4164
8416 4163
8417 4164
8418 4165
8419 4166
8420 4166
8421 4167
8422 4168
8423 4169
8424 4170
8425 4168
8426 4169
8427 4157
8428 4158
8429 4159
8430 4160
8431 4161
8432 4162
8433 4161
8434 4162
8435 4163
8436 4164
8437 4165
8438 4166
8439 4167
8440 4168
8441 4169
8442 4170
8443 4171
8444 4171
8445 4172
8446 4173
8447 4174
8448 4175
8449 4176
8450 4171
8451 4170
8452 4170
8453 4171
8454 4172
8455 4173
8456 4174
8457 4175
8458 4176
8459 4177
8460 4178
8461 4179
8462 4180
8463 4181
8464 4164
8465 4165
8466 4166
8467 4167
8468 4168
8469 4167
8470 4167
8471 4168
8472 4169
8473 4170
8474 4171
8475 4171
8476 4171
8477 4167
8478 4168
8479 4169
8480 4170
8481 4171
8482 4172
8483 4173
8484 4174
8485 4175
8486 4176
8487 4177
8488 4177
8489 4178
8490 4179
8491 4180
8492 4180
8493 4181
8494 4182
8495 4183
8496 4183
8497 4184
8498 4185
8499 4186
8500 4187
8501 4188
8502 4189
8503 4190
8504 4190
8505 4191
8506 4192
8507 4193
8508 4194
8509 4195
8510 4196
8511 4197
8512 4197
8513 4198
8514 4199
8515 4200
8516 4200
8517 4201
8518 4202
8519 4203
8520 4204
8521 4205
8522 4206
8523 4205
8524 4205
8525 4206
8526 4207
8527 4208
8528 4209
8529 4210
8530 4211
8531 4212
8532 4213
8533 4214
8534 4215
8535 4216
8536 4216
8537 4217
8538 4218
8539 4219
8540 4220
8541 4221
8542 4222
8543 4223
8544 4224
8545 4225
8546 4226
8547 4227
8548 4227
8549 4228
8550 4229
8551 4230
8552 4230
8553 4231
8554 4232
8555 4233
8556 4234
8557 4235
8558 4236
8559 4235
8560 4236
8561 4237
8562 4238
8563 4239
8564 4239
8565 4240
8566 4241
8567 4242
8568 4243
8569 4244
8570 4245
8571 4246
8572 4246
8573 4247
8574 4248
8575 4242
8576 4241
8577 4240
8578 4241
8579 4242
8580 4243
8581 4244
8582 4245
8583 4246
8584 4247
8585 4248
8586 4249
8587 4250
8588 4250
8589 4251
8590 4252
8591 4251
8592 4251
8593 4252
8594 4253
8595 4254
8596 4254
8597 4255
8598 4256
8599 4257
8600 4258
8601 4259
8602 4260
8603 4261
8604 4261
8605 4262
8606 4263
8607 4264
8608 4263
8609 4264
8610 4265
8611 4266
8612 4266
8613 4267
8614 4268
8615 4269
8616 4270
8617 4271
8618 4272
8619 4272
8620 4272
8621 4273
8622 4274
8623 4275
8624 4275
8625 4276
8626 4277
8627 4278
8628 4279
8629 4280
8630 4281
8631 4282
8632 4283
8633 4284
8634 4285
8635 4286
8636 4286
8637 4287
8638 4288
8639 4289
8640 4290
8641 4291
8642 4292
8643 4293
8644 4293
8645 4294
8646 4295
8647 4296
8648 4297
8649 4275
8650 4275
8651 4276
8652 4277
8653 4278
8654 4279
8655 4280
8656 4279
8657 4280
8658 4281
8659 4282
8660 4282
8661 4283
8662 4284
8663 4285
8664 4283
8665 4284
8666 4285
8667 4282
8668 4282
8669 4283
8670 4283
8671 4284
8672 4283
8673 4283
8674 4284
8675 4282
8676 4282
8677 4283
8678 4284
8679 4285
8680 4286
8681 4287
8682 4288
8683 4289
8684 4289
8685 4290
8686 4291
8687 4292
8688 4292
8689 4293
8690 4294
8691 4295
8692 4296
8693 4297
8694 4298
8695 4299
8696 4299
8697 4300
8698 4301
8699 4302
8700 4303
8701 4304
8702 4305
8703 4304
8704 4305
8705 4306
8706 4307
8707 4308
8708 4308
8709 4309
8710 4310
8711 4311
8712 4309
8713 4310
8714 4311
8715 4312
8716 4312
8717 4313
8718 4314
8719 4315
8720 4316
8721 4317
8722 4318
8723 4319
8724 4320
8725 4318
8726 4319
8727 4320
8728 4320
8729 4321
8730 4322
8731 4323
8732 4324
8733 4325
8734 4326
8735 4327
8736 4328
8737 4329
8738 4330
8739 4329
8740 4330
8741 4331
8742 4332
8743 4333
8744 4333
8745 4334
8746 4335
8747 4336
8748 4330
8749 4331
8750 4330
8751 4331
8752 4330
8753 4331
8754 4332
8755 4333
8756 4333
8757 4334
8758 4335
8759 4336
8760 4337
8761 4338
8762 4339
8763 4340
8764 4340
8765 4341
8766 4342
8767 4343
8768 4341
8769 4342
8770 4343
8771 4339
8772 4340
8773 4341
8774 4342
8775 4342
8776 4342
8777 4343
8778 4344
8779 4345
8780 4345
8781 4346
8782 4347
8783 4348
8784 4349
8785 4350
8786 4351
8787 4352
8788 4347
8789 4348
8790 4349
8791 4350
8792 4351
8793 4350
8794 4351
8795 4352
8796 4353
8797 4354
8798 4355
8799 4356
8800 4356
8801 4357
8802 4358
8803 4359
8804 4360
8805 4361
8806 4362
8807 4363
8808 4364
8809 4365
8810 4366
8811 4367
8812 4367
8813 4368
8814 4369
8815 4370
8816 4371
8817 4372
8818 4373
8819 4374
8820 4374
8821 4375
8822 4376
8823 4377
8824 4377
8825 4375
8826 4376
8827 4377
8828 4377
8829 4374
8830 4375
8831 4376
8832 4377
8833 4376
8834 4377
8835 4378
8836 4357
8837 4358
8838 4359
8839 4360
8840 4361
8841 4362
8842 4363
8843 4364
8844 4365
8845 4366
8846 4367
8847 4366
8848 4367
8849 4368
8850 4369
8851 4370
8852 4370
8853 4371
8854 4372
8855 4373
8856 4374
8857 4375
8858 4376
8859 4377
8860 4377
8861 4378
8862 4379
8863 4380
8864 4379
8865 4380
8866 4381
8867 4382
8868 4383
8869 4379
8870 4380
8871 4381
8872 4381
8873 4382
8874 4383
8875 4383
8876 4383
8877 4384
8878 4385
8879 4386
8880 4387
8881 4388
8882 4389
8883 4390
8884 4390
8885 4391
8886 4392
8887 4393
8888 4393
8889 4394
8890 4395
8891 4396
8892 4397
8893 4398
8894 4399
8895 4400
8896 4398
8897 4399
8898 4400
8899 4401
8900 4402
8901 4403
8902 4404
8903 4405
8904 4406
8905 4407
8906 4408
8907 4409
8908 4409
8909 4410
8910 4411
8911 4412
8912 4411
8913 4412
8914 4413
8915 4414
8916 4415
8917 4416
8918 4417
8919 4416
8920 4417
8921 4418
8922 4419
8923 4420
8924 4420
8925 4421
8926 4422
8927 4423
8928 4424
8929 4425
8930 4426
8931 4427
8932 4428
8933 4429
8934 4430
8935 4431
8936 4431
8937 4430
8938 4431
8939 4432
8940 4433
8941 4434
8942 4435
8943 4436
8944 4437
8945 4438
8946 4439
8947 4440
8948 4440
8949 4441
8950 4441
8951 4442
8952 4443
8953 4444
8954 4444
8955 4445
8956 4445
8957 4445
8958 4446
8959 4444
8960 4445
8961 4446
8962 4447
8963 4448
8964 4449
8965 4450
8966 4451
8967 4451
8968 4452
8969 4453
8970 4454
8971 4455
8972 4455
8973 4454
8974 4455
8975 4453
8976 4454
8977 4455
8978 4441
8979 4442
8980 4442
8981 4443
8982 4444
8983 4445
8984 4445
8985 4446
8986 4447
8987 4448
8988 4449
8989 4450
8990 4451
8991 4451
8992 4450
8993 4448
8994 4449
8995 4450
8996 4450
8997 4451
8998 4452
8999 4453
9000 4452
9001 4453
9002 4454
9003 4455
9004 4455
9005 4456
9006 4457
9007 4458
9008 4457
9009 4458
9010 4459
9011 4460
9012 4461
9013 4462
9014 4463
9015 4464
9016 4465
9017 4466
9018 4467
9019 4468
9020 4469
9021 4470
9022 4471
9023 4472
9024 4473
9025 4452
9026 4453
9027 4454
9028 4455
9029 4456
9030 4457
9031 4458
9032 4458
9033 4459
9034 4460
9035 4461
9036 4461
9037 4462
9038 4463
9039 4464
9040 4465
9041 4466
9042 4467
9043 4468
9044 4469
9045 4470
9046 4471
9047 4472
9048 4473
9049 4474
9050 4474
9051 4475
9052 4476
9053 4477
9054 4478
9055 4479
9056 4478
9057 4479
9058 4480
9059 4481
9060 4482
9061 4483
9062 4484
9063 4485
9064 4485
9065 4486
9066 4487
9067 4488
9068 4488
9069 4489
9070 4490
9071 4491
9072 4490
9073 4491
9074 4492
9075 4487
9076 4487
9077 4488
9078 4489
9079 4490
9080 4491
9081 4490
9082 4491
9083 4492
9084 4493
9085 4494
9086 4495
9087 4496
9088 4495
9089 4496
9090 4497
9091 4498
9092 4498
9093 4499
9094 4500
9095 4501
9096 4502
9097 4503
9098 4504
9099 4503
9100 4504
9101 4505
9102 4506
9103 4507
9104 4506
9105 4507
9106 4508
9107 4509
9108 4510
9109 4511
9110 4512
9111 4513
9112 4514
9113 4515
9114 4516
9115 4517
9116 4518
9117 4517
9118 4518
9119 4519
9120 4520
9121 4521
9122 4522
9123 4523
9124 4523
9125 4523
9126 4522
9127 4523
9128 4524
9129 4525
9130 4526
9131 4527
9132 4528
9133 4529
9134 4530
9135 4531
9136 4530
9137 4531
9138 4532
9139 4533
9140 4533
9141 4534
9142 4535
9143 4536
9144 4536
9145 4537
9146 4538
9147 4539
9148 4539
9149 4540
9150 4541
9151 4542
9152 4543
9153 4540
9154 4541
9155 4542
9156 4543
9157 4544
9158 4545
9159 4546
9160 4547
9161 4548
9162 4549
9163 4550
9164 4551
9165 4552
9166 4553
9167 4554
9168 4554
9169 4555
9170 4556
9171 4555
9172 4555
9173 4556
9174 4557
9175 4555
9176 4556
9177 4557
9178 4558
9179 4559
9180 4560
9181 4561
9182 4562
9183 4563
9184 4564
9185 4565
9186 4566
9187 4567
9188 4567
9189 4566
9190 4567
9191 4568
9192 4569
9193 4570
9194 4571
9195 4572
9196 4571
9197 4572
9198 4573
9199 4574
9200 4575
9201 4576
9202 4577
9203 4578
9204 4579
9205 4580
9206 4581
9207 4582
9208 4582
9209 4583
9210 4584
9211 4585
9212 4586
9213 4587
9214 4588
9215 4589
9216 4577
9217 4578
9218 4579
9219 4580
9220 4580
9221 4581
9222 4582
9223 4583
9224 4583
9225 4584
9226 4585
9227 4586
9228 4587
9229 4588
9230 4589
9231 4590
9232 4589
9233 4590
9234 4591
9235 4592
9236 4592
9237 4593
9238 4594
9239 4595
9240 4596
9241 4597
9242 4598
9243 4599
9244 4599
9245 4590
9246 4591
9247 4592
9248 4585
9249 4586
9250 4587
9251 4580
9252 4580
9253 4581
9254 4582
9255 4583
9256 4584
9257 4585
9258 4586
9259 4587
9260 4587
9261 4587
9262 4588
9263 4589
9264 4589
9265 4590
9266 4591
9267 4592
9268 4592
9269 4593
9270 4594
9271 4595
9272 4596
9273 4597
9274 4598
9275 4598
9276 4599
9277 4600
9278 4601
9279 4600
9280 4601
9281 4602
9282 4603
9283 4604
9284 4604
9285 4605
9286 4606
9287 4607
9288 4608
9289 4609
9290 4610
9291 4611
9292 4611
9293 4612
9294 4613
9295 4613
9296 4614
9297 4613
9298 4614
9299 4615
9300 4616
9301 4617
9302 4618
9303 4619
9304 4619
9305 4620
9306 4621
9307 4622
9308 4622
9309 4623
9310 4624
9311 4625
9312 4626
9313 4627
9314 4628
9315 4629
9316 4629
9317 4627
9318 4628
9319 4629
9320 4630
9321 4631
9322 4632
9323 4633
9324 4634
9325 4632
9326 4633
9327 4634
9328 4635
9329 4636
9330 4637
9331 4638
9332 4638
9333 4639
9334 4640
9335 4641
9336 4642
9337 4643
9338 4644
9339 4645
9340 4645
9341 4646
9342 4647
9343 4648
9344 4648
9345 4649
9346 4650
9347 4651
9348 4652
9349 4653
9350 4654
9351 4653
9352 4654
9353 4655
9354 4656
9355 4657
9356 4657
9357 4658
9358 4659
9359 4655
9360 4656
9361 4657
9362 4658
9363 4659
9364 4659
9365 4660
9366 4661
9367 4662
9368 4662
9369 4661
9370 4662
9371 4663
9372 4664
9373 4665
9374 4666
9375 4663
9376 4662
9377 4663
9378 4664
9379 4665
9380 4666
9381 4667
9382 4668
9383 4669
9384 4670
9385 4671
9386 4670
9387 4671
9388 4671
9389 4672
9390 4673
9391 4674
9392 4673
9393 4674
9394 4675
9395 4676
9396 4676
9397 4677
9398 4678
9399 4679
9400 4680
9401 4681
9402 4682
9403 4683
9404 4683
9405 4684
9406 4685
9407 4686
9408 4683
9409 4626
9410 4627
9411 4628
9412 4628
9413 4629
9414 4630
9415 4631
9416 4631
9417 4632
9418 4633
9419 4634
9420 4635
9421 4636
9422 4637
9423 4636
9424 4637
9425 4638
9426 4639
9427 4640
9428 4640
9429 4641
9430 4642
9431 4643
9432 4643
9433 4644
9434 4645
9435 4646
9436 4646
9437 4647
9438 4648
9439 4649
9440 4650
9441 4649
9442 4650
9443 4651
9444 4652
9445 4653
9446 4654
9447 4655
9448 4655
9449 4656
9450 4657
9451 4658
9452 4658
9453 4659
9454 4660
9455 4661
9456 4661
9457 4657
9458 4658
9459 4657
9460 4658
9461 4659
9462 4660
9463 4661
9464 4661
9465 4662
9466 4663
9467 4664
9468 4664
9469 4665
9470 4666
9471 4667
9472 4665
9473 4666
9474 4667
9475 4665
9476 4665
9477 4662
9478 4663
9479 4664
9480 4665
9481 4666
9482 4667
9483 4668
9484 4668
9485 4669
9486 4670
9487 4671
9488 4670
9489 4671
9490 4672
9491 4673
9492 4674
9493 4675
9494 4676
9495 4677
9496 4677
9497 4678
9498 4679
9499 4680
9500 4681
9501 4682
9502 4683
9503 4684
9504 4684
9505 4685
9506 4686
9507 4687
9508 4687
9509 4688
9510 4689
9511 4690
9512 4691
9513 4692
9514 4693
9515 4694
9516 4695
9517 4696
9518 4697
9519 4698
9520 4699
9521 4700
9522 4694
9523 4695
9524 4695
9525 4695
9526 4696
9527 4697
9528 4698
9529 4699
9530 4700
9531 4699
9532 4699
9533 4700
9534 4701
9535 4702
9536 4700
9537 4700
9538 4701
9539 4702
9540 4703
9541 4704
9542 4705
9543 4706
9544 4706
9545 4707
9546 4708
9547 4709
9548 4710
9549 4709
9550 4709
9551 4710
9552 4710
9553 4711
9554 4712
9555 4713
9556 4713
9557 4714
9558 4714
9559 4713
9560 4714
9561 4715
9562 4716
9563 4717
9564 4718
9565 4719
9566 4720
9567 4719
9568 4720
9569 4721
9570 4722
9571 4723
9572 4723
9573 4724
9574 4725
9575 4723
9576 4724
9577 4725
9578 4726
9579 4727
9580 4727
9581 4728
9582 4729
9583 4720
9584 4719
9585 4720
9586 4721
9587 4722
9588 4723
9589 4724
9590 4725
9591 4726
9592 4726
9593 4727
9594 4728
9595 4729
9596 4729
9597 4730
9598 4731
9599 4732
9600 4732
9601 4733
9602 4734
9603 4735
9604 4718
9605 4719
9606 4720
9607 4721
9608 4721
9609 4722
9610 4718
9611 4719
9612 4720
9613 4721
9614 4722
9615 4723
9616 4722
9617 4723
9618 4724
9619 4725
9620 4726
9621 4725
9622 4726
9623 4727
9624 4728
9625 4729
9626 4730
9627 4731
9628 4732
9629 4733
9630 4734
9631 4735
9632 4736
9633 4736
9634 4737
9635 4738
9636 4739
9637 4740
9638 4741
9639 4742
9640 4743
9641 4744
9642 4745
9643 4746
9644 4746
9645 4747
9646 4748
9647 4749
9648 4750
9649 4751
9650 4751
9651 4752
9652 4752
9653 4748
9654 4749
9655 4750
9656 4751
9657 4752
9658 4753
9659 4754
9660 4755
9661 4756
9662 4757
9663 4758
9664 4756
9665 4757
9666 4758
9667 4759
9668 4759
9669 4760
9670 4761
9671 4762
9672 4763
9673 4764
9674 4765
9675 4766
9676 4767
9677 4768
9678 4769
9679 4770
9680 4768
9681 4769
9682 4770
9683 4771
9684 4771
9685 4772
9686 4773
9687 4774
9688 4775
9689 4776
9690 4777
9691 4778
9692 4778
9693 4777
9694 4778
9695 4779
9696 4780
9697 4781
9698 4782
9699 4783
9700 4784
9701 4785
9702 4786
9703 4787
9704 4787
9705 4788
9706 4789
9707 4790
9708 4791
9709 4792
9710 4793
9711 4794
9712 4793
9713 4794
9714 4795
9715 4796
9716 4796
9717 4797
9718 4798
9719 4799
9720 4799
9721 4800
9722 4801
9723 4802
9724 4803
9725 4801
9726 4802
9727 4803
9728 4803
9729 4804
9730 4805
9731 4806
9732 4807
9733 4808
9734 4809
9735 4810
9736 4810
9737 4811
9738 4812
9739 4813
9740 4813
9741 4814
9742 4815
9743 4816
9744 4817
9745 4818
9746 4819
9747 4811
9748 4811
9749 4812
9750 4813
9751 4809
9752 4810
9753 4811
9754 4812
9755 4813
9756 4813
9757 4814
9758 4815
9759 4816
9760 4817
9761 4818
9762 4819
9763 4820
9764 4820
9765 4821
9766 4822
9767 4823
9768 4824
9769 4825
9770 4826
9771 4827
9772 4827
9773 4828
9774 4829
9775 4830
9776 4831
9777 4832
9778 4833
9779 4834
9780 4835
9781 4836
9782 4837
9783 4836
9784 4836
9785 4837
9786 4838
9787 4839
9788 4839
9789 4840
9790 4841
9791 4842
9792 4843
9793 4844
9794 4845
9795 4846
9796 4847
9797 4848
9798 4849
9799 4850
9800 4845
9801 4835
9802 4835
9803 4836
9804 4837
9805 4838
9806 4839
9807 4840
9808 4839
9809 4840
9810 4841
9811 4842
9812 4842
9813 4843
9814 4844
9815 4845
9816 4846
9817 4847
9818 4848
9819 4847
9820 4847
9821 4848
9822 4849
9823 4850
9824 4849
9825 4849
9826 4846
9827 4847
9828 4848
9829 4849
9830 4850
9831 4851
9832 4851
9833 4852
9834 4853
9835 4854
9836 4854
9837 4853
9838 4854
9839 4855
9840 4856
9841 4857
9842 4858
9843 4859
9844 4859
9845 4860
9846 4861
9847 4862
9848 4862
9849 4862
9850 4862
9851 4863
9852 4864
9853 4865
9854 4866
9855 4867
9856 4868
9857 4869
9858 4870
9859 4871
9860 4872
9861 4873
9862 4874
9863 4875
9864 4875
9865 4876
9866 4877
9867 4878
9868 4878
9869 4879
9870 4880
9871 4881
9872 4880
9873 4879
9874 4880
9875 4880
9876 4881
9877 4882
9878 4883
9879 4884
9880 4885
9881 4886
9882 4886
9883 4887
9884 4887
9885 4888
9886 4889
9887 4890
9888 4891
9889 4892
9890 4893
9891 4894
9892 4894
9893 4895
9894 4896
9895 4897
9896 4897
9897 4898
9898 4897
9899 4898
9900 4898
9901 4899
9902 4900
9903 4901
9904 4900
9905 4901
9906 4902
9907 4903
9908 4903
9909 4902
9910 4903
9911 4904
9912 4905
9913 4906
9914 4907
9915 4908
9916 4909
9917 4910
9918 4911
9919 4912
9920 4913
9921 4914
9922 4915
9923 4916
9924 4917
9925 4915
9926 4916
9927 4915
9928 4916
9929 4917
9930 4918
9931 4919
9932 4919
9933 4920
9934 4921
9935 4922
9936 4923
9937 4924
9938 4925
9939 4926
9940 4927
9941 4928
9942 4929
9943 4930
9944 4930
9945 4931
9946 4932
9947 4933
9948 4934
9949 4935
9950 4935
9951 4936
9952 4935
9953 4936
9954 4937
9955 4938
9956 4938
9957 4939
9958 4940
9959 4941
9960 4942
9961 4943
9962 4944
9963 4943
9964 4944
9965 4945
9966 4946
9967 4947
9968 4948
9969 4949
9970 4950
9971 4948
9972 4948
9973 4949
9974 4950
9975 4951
9976 4952
9977 4953
9978 4954
9979 4955
9980 4955
9981 4954
9982 4955
9983 4956
9984 4957
9985 4958
9986 4959
9987 4960
9988 4960
9989 4961
9990 4962
9991 4963
9992 4963
9993 4964
9994 4965
9995 4966
9996 4966
9997 4967
9998 4968
9999 4967
10000 4957
